Price,Close,High,Low,Open,Volume
Ticker,UFO.NS,UFO.NS,UFO.NS,UFO.NS,UFO.NS
Date,,,,,
2015-05-14,460.8654479980469,480.6179552595005,452.1465897308271,462.94872668685366,5136316
2015-05-15,471.62908935546875,478.38042601290897,452.9568116956023,461.79142736891293,756299
2015-05-18,465.49493408203125,474.368117987648,462.408609245295,473.55796713672066,160874
2015-05-19,467.2695617675781,474.5224439763559,460.7883078620976,467.42388742823755,159117
2015-05-20,468.46563720703125,484.51451992713856,465.64934643177327,467.1925091374295,419781
2015-05-21,464.0675048828125,472.90211871264097,454.0755192960697,470.20158461317413,182439
2015-05-22,462.9486999511719,467.1923963673909,459.0907941182454,466.69084977167967,80077
2015-05-25,456.3131408691406,462.9487203568234,455.23290835087636,462.9487203568234,27146
2015-05-26,451.3363952636719,462.33142645999743,449.1373607682616,456.08159099751987,41243
2015-05-27,452.1852111816406,459.7853152383438,437.71806181510755,449.79332799047455,195021
2015-05-28,447.9029541015625,460.7111851144053,444.43083817829455,455.2329766062392,37158
2015-05-29,452.4938049316406,462.9487207907833,447.5556664057739,447.59423604712396,82456
2015-06-01,451.375,454.4998944274381,446.3597222222222,451.7607905982906,61600
2015-06-02,433.82159423828125,454.4613944087997,428.22762970608466,451.76085980704966,86539
2015-06-03,413.5289611816406,436.5606415887712,403.49840539673903,435.2103744638806,96861
2015-06-04,427.0317077636719,429.38502146348725,413.5676037815439,413.5676037815439,96674
2015-06-05,443.3505554199219,446.35974105095613,422.9036528480111,428.15044288095106,78953
2015-06-08,427.26312255859375,447.5171306257054,426.6844366138191,432.239831102372,67227
2015-06-09,432.77996826171875,434.4002701477488,408.93808735045627,429.6936430741681,46995
2015-06-10,442.46331787109375,445.97400346233076,434.3231443546422,434.3231443546422,48951
2015-06-11,430.7738342285156,449.0603206209734,430.5423692551601,443.0805654924295,148281
2015-06-12,425.91290283203125,433.62871628913325,422.82657744919044,427.4560655234516,20792
2015-06-15,428.3433837890625,432.162673604981,421.28339595350616,427.8418370993025,32017
2015-06-16,433.3586120605469,438.2195643391612,426.83874131763366,434.40022787254264,26809
2015-06-17,435.2104187011719,439.80133681116325,430.5423612993493,432.39417523914597,9492
2015-06-18,435.13330078125,441.88463742354486,432.89569608522606,435.94345175960797,9228
2015-06-19,429.07635498046875,442.1160981795696,425.21844836459115,436.56070323398853,14500
2015-06-22,441.267333984375,442.8876357655968,424.36968583811546,424.36968583811546,30559
2015-06-23,440.22564697265625,444.89370384290334,434.40021829522834,444.8551342013798,15833
2015-06-24,440.0328063964844,444.816619879824,432.08552841752197,442.1160853272145,27742
2015-06-25,443.65924072265625,450.52633302518853,436.9079044507897,436.9079044507897,16218
2015-06-26,443.1962585449219,446.20539695809765,439.91703845655695,443.0419328867536,10545
2015-06-29,433.5515441894531,439.8784730707104,426.7230215404116,439.8399034250607,11052
2015-06-30,438.8753967285156,442.03890804585217,429.3849569636683,432.85707251863056,15356
2015-07-01,441.537353515625,447.5171079756444,435.9433896659295,439.7241564845352,30364
2015-07-02,446.3982849121094,456.0044800786753,435.9433692799518,438.8753683625881,30595
2015-07-03,443.736328125,451.3750008225048,442.1160264466585,442.1160264466585,12805
2015-07-06,451.8379821777344,454.3842380960275,432.08552009647224,432.08552009647224,23625
2015-07-07,467.07666015625,474.09807732598875,450.68055967121535,454.4613263851962,148567
2015-07-08,471.6676330566406,478.30326040536147,459.05229780529305,462.94877390023646,92526
2015-07-09,472.94073486328125,481.3895589383611,466.8066545296708,469.8929795182967,46470
2015-07-10,476.7214050292969,478.3803233752063,463.7202812072564,474.5224175415352,47261
2015-07-13,478.8046569824219,484.3214808553333,455.23286306771524,455.23286306771524,64535
2015-07-14,473.9823303222656,481.77532883949766,471.8604819838517,479.151933874572,45840
2015-07-15,475.2940979003906,482.00686487062325,472.5935632532293,475.2940979003906,64512
2015-07-16,475.7569885253906,479.9235461882524,472.593524180554,475.83417490793727,52278
2015-07-17,483.897216796875,493.8120173707128,479.9235543821615,479.9235543821615,372991
2015-07-20,477.3773498535156,490.7256966486698,475.294070967894,489.49118543164144,45536
2015-07-21,468.96710205078125,483.0098910495326,458.2807199440682,481.46672845832,127088
2015-07-22,482.66259765625,484.63012024623265,462.94870792898945,467.57819500827935,38450
2015-07-23,475.5255126953125,486.0961851887688,474.94682676056397,478.611837680638,41541
2015-07-24,477.4930114746094,480.30930171971505,467.1924211908232,472.2076990401054,23057
2015-07-27,470.6645202636719,476.91430899039767,467.3853002454414,476.37423983872793,21643
2015-07-28,470.6645202636719,472.6320428558946,464.49187081759095,472.6320428558946,7967
2015-07-29,471.5132751464844,475.83415833032086,466.88378772396186,469.3914267444949,9698
2015-07-30,466.7680969238281,474.5224792390174,465.3406433236259,473.6351419444705,5756
2015-07-31,478.3803405761719,480.69508415960496,466.80662265900645,467.2309828972534,29759
2015-08-03,478.49615478515625,484.6688050916656,470.85748119341713,482.23830519604377,13291
2015-08-04,485.4017333984375,495.9724056777981,475.8341543938568,475.8341543938568,71289
2015-08-05,485.826171875,488.4109503260217,478.380393684255,482.2383000849345,32430
2015-08-06,478.49615478515625,485.55609531707563,478.3803987544754,482.23830519604377,37459
2015-08-07,471.3589782714844,480.9651266253553,469.12137393338344,474.5610120249148,12259
2015-08-10,461.8299560546875,474.52247726362634,459.0908519867604,459.8624332506037,16695
2015-08-11,466.8837890625,469.1213934939002,457.54767490441253,462.9487435795068,33614
2015-08-12,455.5415954589844,472.01483654849926,452.14661907220363,472.01483654849926,22547
2015-08-13,451.9151306152344,485.3245880700188,447.7100035415396,485.24744878534125,19821
2015-08-14,471.28179931640625,474.52244985609076,448.28868840063205,448.28868840063205,12492
2015-08-17,463.8746032714844,472.9406819104898,461.55985978918517,466.80660226368144,11605
2015-08-18,471.7447814941406,478.380361215504,463.7203178879321,466.53660820671377,19190
2015-08-19,484.9388732910156,492.26889603765784,467.4239674145319,472.3621068391786,44129
2015-08-20,473.6737365722656,486.0961755545609,464.8005524153173,484.51444344964716,30462
2015-08-21,473.8279724121094,481.46664474794494,460.6339533886589,466.8066026802992,133379
2015-08-24,447.9414978027344,469.1214131265907,434.3616862601875,455.2329502379746,81392
2015-08-25,432.2012634277344,458.8593866531219,410.90559230683,449.831876454781,18880
2015-08-26,424.52398681640625,441.15155230303435,420.9361153891904,441.15155230303435,28970
2015-08-27,433.93731689453125,444.39223348696993,424.7940507614674,426.8773295698606,9332
2015-08-28,423.94525146484375,447.43990574715775,416.84669581476237,439.80123389988813,5903
2015-08-31,433.2043151855469,439.8013256516042,421.28337509785246,439.8013256516042,214995
2015-09-01,435.98193359375,440.53428136450293,418.19699692550444,418.19699692550444,128284
2015-09-02,433.5901184082031,439.8013384180214,428.9992002814384,439.8013384180214,113079
2015-09-03,430.19512939453125,436.7150005708876,425.14128147448594,429.3849784764999,2492
2015-09-04,430.3493957519531,432.0854533771291,415.38070227967177,430.1179308206451,167869
2015-09-07,435.90478515625,446.74549102050196,412.79592002757954,446.74549102050196,49221
2015-09-08,436.2520446777344,443.6592056211066,428.9991623049309,439.02971825810374,19694
2015-09-09,436.6378479003906,441.9231606216806,433.62866219010823,434.670278039431,34376
2015-09-10,424.7940979003906,435.1718763563291,417.88843547921005,417.88843547921005,3959
2015-09-11,435.3260803222656,438.87533466129156,424.793979124266,424.793979124266,121568
2015-09-14,422.286376953125,438.8753725807416,419.89449409541174,438.3738730621004,4757
2015-09-15,434.0530700683594,436.9079304231753,420.51182707396123,420.5503967219478,56049
2015-09-16,436.17486572265625,438.95258644388383,432.1240642110833,432.1240642110833,2084
2015-09-18,436.0205078125,444.2764358919027,432.0854626153981,438.29668172177884,5661
2015-09-21,438.7597351074219,441.38308333121023,434.9403981664388,436.29066547229036,6705
2015-09-22,437.4865417480469,440.0327502971768,434.24589127934547,434.28446092074853,3879
2015-09-23,437.8724060058594,439.5698943553484,429.8093716659768,430.96674366423014,2183
2015-09-24,437.13934326171875,439.8013079654894,433.7829836962569,436.40633166306,3328
2015-09-28,431.0437927246094,446.4754144515289,428.99908400836364,446.4754144515289,26147
2015-09-29,425.1798095703125,431.313889510692,424.0224377737722,430.54230831299844,13413
2015-09-30,441.2286682128906,450.6033981592859,424.60110360706386,431.46819477945627,61127
2015-10-01,427.1859130859375,439.9170017793365,425.9513550170992,439.9170017793365,3455
2015-10-05,424.0610046386719,433.82152556302606,422.82649356787596,433.20427002762807,3818
2015-10-06,422.1706848144531,432.08548468816906,421.3219172133816,431.27533382309485,137559
2015-10-07,420.66607666015625,430.54230653104145,418.2741467010587,424.3696569750408,2948
2015-10-08,418.9300842285156,424.33115343133096,417.425491246157,424.33115343133096,3659
2015-10-09,431.96978759765625,435.40333392561035,418.9686610596668,421.5534396707585,24943
2015-10-12,426.8773498535156,433.55154686760187,425.9514428842805,433.1271394820799,3071
2015-10-13,425.3727111816406,430.5037450598713,424.3696650284711,430.5037450598713,2553
2015-10-14,428.2275390625,429.346341150838,422.8264710022523,428.18896942364205,5491
2015-10-15,423.59814453125,432.8571203679987,422.826563211521,424.485481886373,7389
2015-10-16,421.2833557128906,427.9961218984607,420.51177447532126,427.9961218984607,104934
2015-10-19,419.0457763671875,424.29256677155485,417.6569394751544,418.1970557924962,3494
2015-10-20,412.6802062988281,422.132076464144,401.8009296806726,416.6924381550662,10567
2015-10-21,420.3573913574219,424.3696226631337,412.7959056814119,413.60605645141743,7743
2015-10-23,415.7665100097656,429.5778323015256,413.6446617137096,423.8681125947068,6705
2015-10-26,409.2080993652344,421.70772510314237,407.3949022551303,415.5736447129708,6572
2015-10-27,407.2019958496094,412.0243785574446,404.3085662249082,409.0151929103229,4011
2015-10-28,404.8872375488281,415.8822697261903,404.30855164475645,409.90251538411616,5408
2015-10-29,384.0931396484375,408.1664842437213,378.9235593635956,408.12791459965484,12229
2015-10-30,424.2925720214844,435.17184941953894,378.19056620019296,378.19056620019296,118707
2015-11-02,410.5970153808594,422.0549790646499,407.7421550982679,421.7463277013912,6970
2015-11-03,411.7157287597656,420.4346344028622,408.93805514714205,416.22950724725547,4619
2015-11-04,410.056884765625,423.52098765466565,408.9380824797466,419.47018589425306,3905
2015-11-05,406.314697265625,415.1107429993275,397.75016359879805,397.75016359879805,2051
2015-11-06,396.0912170410156,410.7512608350948,393.5064386831767,408.1279128333563,2119
2015-11-09,394.1236572265625,399.67905113988655,389.6099261621243,393.35207604675577,5119
2015-11-10,415.92083740234375,422.55646399382397,398.5216907208557,405.04156129463684,21107
2015-11-13,426.1057434082031,428.2275918362204,418.89147759037706,418.89147759037706,9537
2015-11-16,426.8001708984375,429.3849491493256,409.36240706138227,420.5117651147933,5099
2015-11-17,425.60418701171875,428.8062679489951,417.6183401302629,425.95140798343004,3362
2015-11-18,424.63970947265625,427.1473484605872,419.0457455765026,424.9483608009108,4313
2015-11-19,431.2367858886719,433.62866896188257,417.07824148403364,424.6011587836392,12560
2015-11-20,423.9838562011719,430.5422961970044,418.2741366614867,419.7787293733638,3019
2015-11-23,416.53814697265625,424.33114637761156,415.11074040164607,419.85598424553024,2215
2015-11-24,419.81732177734375,424.3311001577272,415.110695186086,424.3311001577272,2346
2015-11-26,416.1138000488281,421.3991603925988,413.6833471260024,421.3991603925988,2665
2015-11-27,412.56451416015625,428.1504652204983,409.7096540447062,413.5675603916432,8497
2015-11-30,413.5675354003906,415.8822790686764,401.9938170589618,409.74819892900297,3169
2015-12-01,412.5259094238281,416.38381544259175,409.70961919269894,415.88226882272073,2400
2015-12-02,425.989990234375,431.3139197086408,410.48122591233795,412.1015277035064,10956
2015-12-03,432.16259765625,433.6286207274572,418.27413649416064,418.3127532278063,17417
2015-12-04,433.0885314941406,436.67640302219246,420.55033660756675,420.55033660756675,12098
2015-12-07,424.52398681640625,435.9433791888315,420.51175514674895,420.51175514674895,4331
2015-12-08,418.467041015625,426.6843995551585,416.88530898933516,417.4639948838494,2540
2015-12-09,408.2050476074219,418.4670687310884,405.8517342325843,415.1107091580425,3350
2015-12-10,398.984619140625,415.8051269526409,398.2902243177157,408.24359352804845,52926
2015-12-11,393.62213134765625,397.98156027295914,390.4200741837677,394.2779800551488,7716
2015-12-14,388.06683349609375,393.5836352131259,366.9254865351477,393.46790272472805,33524
2015-12-15,387.6809997558594,393.5064286435327,385.7906163171889,392.15616148642255,8755
2015-12-16,391.9632263183594,393.50638862669933,386.5621582391694,386.5621582391694,15852
2015-12-17,388.9541015625,393.3521004319717,386.7550903543689,390.4201011856572,7768
2015-12-18,382.1256103515625,389.6485274660052,376.33875103276046,389.6099578225962,58602
2015-12-21,386.0220642089844,391.1916676578933,378.84636848131277,378.84636848131277,24042
2015-12-22,387.7581481933594,393.0434844710048,382.7043004190421,388.8769504258008,11752
2015-12-23,397.3257751464844,399.6019492586602,386.56220726208704,386.56220726208704,28291
2015-12-24,393.7764892578125,396.47700004220553,390.1886412128838,390.4586758085696,11238
2015-12-28,387.9896240234375,393.4678554348538,386.56219404664176,386.56219404664176,1523
2015-12-29,389.9185791015625,391.963264650717,385.79061481369786,391.92469500795187,3048
2015-12-30,394.23944091796875,402.7654041346703,386.60076786418904,391.96326685902784,21696
2015-12-31,414.6863098144531,418.1969947241414,390.0342819798035,394.2394087808927,28322
2016-01-01,397.7115783691406,413.87621552965845,394.2780322701845,412.4101922669542,5439
2016-01-04,395.1267395019531,400.4506689672746,393.3521120447067,400.4506689672746,1488
2016-01-05,397.5186767578125,400.4506761432274,385.0190508583246,394.2780260292663,8680
2016-01-06,394.7795104980469,412.79593596396273,391.1530930391473,393.89219684037937,23950
2016-01-07,398.4445495605469,406.8547563642019,388.10534266794537,390.45865590357795,16561
2016-01-08,395.28106689453125,400.412101069624,391.19169566819556,397.36434569846296,11973
2016-01-11,393.1592102050781,401.2222435568111,390.4201062302816,390.45867587344577,6030
2016-01-12,402.7654113769531,405.08015512049883,390.458681055052,391.1916926592246,11574
2016-01-13,401.26080322265625,405.08013967257085,384.6332373843363,401.18366393824596,8939
2016-01-14,388.37542724609375,394.31658874836154,385.7906253469112,394.31658874836154,6533
2016-01-15,377.9591064453125,392.6963140599619,375.0656765555303,389.57139565092143,12705
2016-01-18,382.0098571777344,388.8383555133196,366.50107033423313,370.35897633775136,13793
2016-01-19,399.06182861328125,405.08015289471496,378.8463906120096,378.8463906120096,28625
2016-01-20,393.04345703125,402.7653848225311,365.112231828719,390.4586553120157,41305
2016-01-21,381.5469055175781,397.36432020536444,378.0747900983079,394.66378599037654,5448
2016-01-22,387.0637512207031,396.59278490591385,379.27077544607283,382.31853097447527,12531
2016-01-25,383.051513671875,396.5156156461711,381.93271146200743,393.54499963420676,1608
2016-01-27,382.0870361328125,384.24745416724545,378.84638553437253,381.93271046744275,1315
2016-01-28,381.7012634277344,392.69629651774545,378.84640331196215,382.74287930409156,827
2016-01-29,396.1298522949219,403.3826881496017,380.38957517440906,383.70736529575294,6237
2016-02-01,391.23028564453125,404.30859799456084,390.42013470467134,400.83648217208844,1974
2016-02-02,387.64239501953125,393.50641692224025,384.7103958415717,393.50641692224025,1769
2016-02-03,391.3460388183594,394.3552011331701,374.98850608877416,392.7348757184898,29685
2016-02-04,392.42620849609375,393.5064174817838,378.84637447756046,385.7906053742978,23716
2016-02-05,390.45867919921875,391.96327204408857,383.4758783580945,386.5622033348196,21761
2016-02-08,381.27685546875,390.3429348112427,380.35097213205887,386.63935437089793,4923
2016-02-09,388.2596740722656,389.64851083076826,378.846373896846,382.70427994467536,21632
2016-02-10,380.3123779296875,385.63628362854496,378.8463783237398,384.2474468538135,3205
2016-02-11,370.0118103027344,378.8464257809045,359.55689290000305,378.8464257809045,24540
2016-02-12,357.6665344238281,366.5011505235883,340.3059536095529,366.5011505235883,25090
2016-02-15,361.91015625,370.3589798976306,358.78526177582967,358.86242460599965,2338
2016-02-16,351.7639465332031,361.10008594323114,349.56493489021545,349.56493489021545,2117
2016-02-17,362.8360595703125,366.50107027304296,348.0602842886625,348.0602842886625,11809
2016-02-18,357.2035827636719,369.5874535743239,351.8410831521747,369.5874535743239,5832
2016-02-19,346.20849609375,361.10000393117,341.03889260166056,351.0694482664153,2316
2016-02-22,339.3800048828125,358.01368666700665,337.9911445564612,358.01368666700665,3294
2016-02-23,334.1718444824219,351.06946916819203,332.6672516244132,351.06946916819203,1312
2016-02-24,324.41131591796875,335.63781264639107,324.06409496892934,328.693582039914,2330
2016-02-25,313.9564208984375,334.8662784806671,313.26200244965634,334.8662784806671,1826
2016-02-26,310.1756896972656,319.4346655091243,308.70968990307995,312.4904336502303,2208
2016-02-29,298.4861755371094,320.16761077576734,293.9724210556376,308.63246305053815,4422
2016-03-01,299.9522399902344,308.55536705165673,294.512601069579,308.55536705165673,4181
2016-03-02,304.3502197265625,315.5767169879813,299.37351147026095,299.37351147026095,5644
2016-03-03,301.57257080078125,306.70358199140446,297.9461290918509,301.68830329217394,3858
2016-03-04,310.7157897949219,319.3574859728152,301.1867563106786,319.3574859728152,12991
2016-03-08,308.8254089355469,315.5381755253799,304.81317683984105,315.5381755253799,58891
2016-03-09,303.1156921386719,308.6324932460876,301.6882621480506,301.6882621480506,1667
2016-03-10,302.30548095703125,308.6324557179646,301.6882254643104,301.6882254643104,3327
2016-03-11,298.2161560058594,306.27918956496717,297.8689350212887,304.73602705005976,249746
2016-03-14,307.05078125,308.6325134627799,302.4598631935243,304.77460704449516,7391
2016-03-15,305.73907470703125,311.7188294804811,301.68827308630716,311.7188294804811,8966
2016-03-16,311.2944641113281,312.45183598402343,304.1959072067472,309.94419692651695,88694
2016-03-17,311.13818359375,316.4117121292373,309.77097249195697,315.2007632616999,3749
2016-03-18,307.1537780761719,313.24764843186773,305.8256442680016,309.4194377366869,22609
2016-03-21,309.34130859375,314.06794347985937,306.4896775953025,312.50541639787,8992
2016-03-22,312.50543212890625,313.2866957092285,303.9505863874685,307.0365870666504,45946
2016-03-23,313.20855712890625,324.2243781177467,304.80997384031406,304.80997384031406,11328
2016-03-28,312.6617126464844,322.4665616153849,310.20071315088836,313.28671401034364,10153
2016-03-29,323.911865234375,331.5682383134001,297.7004594224238,306.3334357590175,40317
2016-03-30,316.8804931640625,335.9433185653639,313.4429383937083,332.0370009076271,126886
2016-03-31,329.2244567871094,337.50585522544736,313.2866850588064,316.88050217456873,138351
2016-04-01,343.0528259277344,346.8810125135969,321.0993156375863,325.8259505279464,24840
2016-04-04,374.9283447265625,382.0378472662284,342.9746726991294,342.9746726991294,72831
2016-04-05,354.2248840332031,374.92836782950644,351.9592245371562,374.92836782950644,37843
2016-04-06,361.60784912109375,371.10019675381585,355.47492531154995,355.51397895324675,43196
2016-04-07,368.79541015625,380.90499389789585,364.2250379469278,368.95167238659815,34344
2016-04-08,369.0298156738281,374.2252131336387,363.2875242320292,363.2875242320292,17852
2016-04-11,383.20977783203125,399.61631266276044,367.19387478298614,368.71734826846256,163232
2016-04-12,402.1944580078125,409.3820920618371,380.47534128647834,383.600395424355,87544
2016-04-13,404.61639404296875,413.2493463585594,402.350710772569,404.73355495965376,64719
2016-04-18,403.6007080078125,409.3820770243387,398.44438794353573,405.4757594954805,29481
2016-04-20,406.0226745605469,410.16336181914596,398.4444086243132,406.569568579881,68077
2016-04-21,407.50701904296875,414.0696514606897,404.6944895408251,414.0696514606897,31593
2016-04-22,411.9211730957031,426.56986346183766,401.5694319036347,411.72585722415465,71724
2016-04-25,420.39788818359375,426.765205053634,410.94461850473505,410.94461850473505,35994
2016-04-26,408.2101745605469,421.3744453266263,406.25701583059214,417.54628282663856,19398
2016-04-27,415.94476318359375,418.75729309323725,407.7805489585794,407.819602601996,16759
2016-04-28,398.4053649902344,414.0306363091216,392.97557367001235,408.21021320592735,37611
2016-04-29,399.4991149902344,411.7258845934842,396.88187736905115,411.7258845934842,53589
2016-05-02,403.6007080078125,407.03828650702377,394.5380704146776,394.5380704146776,8371
2016-05-03,402.3507080078125,408.6008160933707,395.31933641155945,395.31933641155945,10339
2016-05-04,402.4288330078125,405.046094494627,394.53809027610737,401.9600939545688,11369
2016-05-05,408.444580078125,413.91342500411054,394.53809823181336,394.53809823181336,10339
2016-05-06,397.81939697265625,406.25703351647473,392.19429004859677,398.44439825654257,24812
2016-05-09,408.6008605957031,412.2728090328031,386.84266468462846,386.84266468462846,20160
2016-05-10,420.16351318359375,428.9136741791662,410.94461314798076,411.72587667107575,76470
2016-05-11,413.87432861328125,418.75722536426383,398.4443748801764,398.4443748801764,14546
2016-05-12,410.241455078125,423.5229349116481,408.75708300157345,412.5071383588365,9515
2016-05-13,408.3664245605469,415.6321652813777,406.25700365848945,412.85868950484746,13930
2016-05-16,413.0149841308594,414.06967082234496,404.6554548245188,406.8820368107846,8338
2016-05-17,410.8665466308594,416.29629050741244,403.13201791107275,407.03833591408704,27374
2016-05-18,406.8039245605469,415.5540855248888,406.45234643950073,411.1008739222331,23750
2016-05-19,400.39752197265625,417.1946863090701,399.3037579005993,406.8038918611262,65922
2016-05-20,396.72564697265625,403.83517435108183,394.5381184271968,401.5694908348102,11051
2016-05-23,398.56158447265625,404.73356158209054,393.7568185387036,394.53808206755025,3893
2016-05-24,397.74127197265625,402.2726147985146,395.6709283653667,398.7959825174328,33432
2016-05-25,402.1944580078125,406.0226684005281,396.8818755103306,399.2256661137381,7989
2016-05-26,404.0304260253906,414.03058898965315,399.2646902070787,410.1633252433085,8267
2016-05-27,414.3822021484375,425.7886307987711,412.11651880064545,413.2884141147705,34732
2016-05-30,410.202392578125,415.63218345909445,403.9132309179546,415.63218345909445,4508
2016-05-31,406.8039245605469,417.19471984371626,401.96008119773785,401.96008119773785,7824
2016-06-01,407.8976745605469,412.50714851358754,405.202353499143,412.50714851358754,5241
2016-06-02,412.93682861328125,419.8510394539356,400.7881902772628,406.2960886184338,15531
2016-06-03,416.8431091308594,418.6791068707529,410.3976855922799,410.3976855922799,11998
2016-06-06,411.9992980957031,421.68698481510984,407.1164010969177,417.15566593714516,12143
2016-06-07,415.94476318359375,425.31992646180055,407.819602601996,414.18692006892996,24752
2016-06-08,413.09307861328125,421.0619759078356,410.1242868287132,421.0619759078356,10536
2016-06-09,417.27288818359375,420.28078178765907,409.49935316663516,417.9760445285825,14309
2016-06-10,424.77294921875,429.65584580328465,414.8508938220681,417.9759476361703,64314
2016-06-13,418.44476318359375,425.78866006402086,414.0697061173047,424.7730269255479,14887
2016-06-14,416.1790466308594,424.0307347151164,410.9836256485132,418.0540502878783,20808
2016-06-15,410.94464111328125,421.0229603208658,407.07737687388044,416.14006296923463,20760
2016-06-16,402.5069580078125,416.257176304121,395.24119327391935,415.6321750514777,20095
2016-06-17,410.4367980957031,416.29627488026847,401.56947563554525,408.83521731149744,18366
2016-06-20,406.8429870605469,410.1633570941663,402.3507217209441,402.4288290008595,2198
2016-06-21,411.9602355957031,414.06965659071477,403.99133832818137,403.99133832818137,8586
2016-06-22,412.2727355957031,415.2805808298783,406.25699744281553,406.25699744281553,11364
2016-06-23,410.3196105957031,413.561825595782,406.2570307512821,407.8195577926332,2657
2016-06-24,404.1866455078125,406.25701282003786,379.69405428949693,379.69405428949693,24069
2016-06-27,410.51495361328125,417.9760111920435,384.03009943776215,417.9760111920435,4588
2016-06-28,411.60870361328125,419.5385481312942,409.18680555636007,409.22585919897904,4982
2016-06-29,441.80450439453125,455.9844558375083,410.3586488651238,410.9445964836842,106424
2016-06-30,441.6482849121094,451.41407950013826,432.937224750314,443.7577060800324,22405
2016-07-01,445.5936584472656,448.6796590882479,437.50759956484023,448.6796590882479,16979
2016-07-04,436.49188232421875,468.7580520357742,433.60119813309115,468.7580520357742,29280
2016-07-05,433.601318359375,439.77332016299437,426.569945629223,439.77332016299437,12991
2016-07-07,426.4918212890625,441.3358297926156,421.3354528823637,438.2888826575415,27560
2016-07-08,423.05419921875,427.2730413318671,421.7650953273694,421.9604112088185,2311
2016-07-11,429.5777282714844,431.6480956775097,419.4604038145494,419.4604038145494,4468
2016-07-12,434.6559753417969,439.6560813469709,421.92138847540843,421.92138847540843,19701
2016-07-13,437.3122863769531,437.50760227082407,432.03875724243875,434.3825479688896,11596
2016-07-14,432.7808837890625,437.507517973115,429.9292532141736,432.5855679328245,3113
2016-07-15,429.2261962890625,435.9450434767152,425.00735421385855,429.6558816874808,7514
2016-07-18,431.1402893066406,437.8982383750059,422.78080711420057,428.83559988388174,11445
2016-07-19,429.9293212890625,437.3513250013044,428.9527418532412,432.03874240734507,7110
2016-07-20,428.8355407714844,433.6012288981715,425.7885941432495,433.1324898866915,3717
2016-07-21,431.3355712890625,437.5075721847713,427.4292536802699,429.69493696718604,123299
2016-07-22,464.773681640625,487.31311485299545,420.7104005584578,433.60124848643284,664304
2016-07-25,456.4532470703125,475.55515115727565,446.88276820576596,470.5159915243401,191273
2016-07-26,452.3515625,476.5707307858376,447.66398154145077,458.6016704447323,186537
2016-07-27,457.1564025878906,460.78924962159766,443.79676676860083,457.0001403350921,39803
2016-07-28,463.79705810546875,468.52369235891194,456.49221636420566,460.9844811236296,49580
2016-07-29,451.8828430175781,466.4533791830482,450.7890550061383,466.4533791830482,31771
2016-08-01,448.5624694824219,461.88300297341004,443.5623638761399,461.88300297341004,45167
2016-08-02,453.015625,473.44568476111505,442.97640801906306,454.69536061215996,151883
2016-08-03,413.9524230957031,448.44522375257776,407.23357644778946,441.49195992022993,247179
2016-08-04,409.9289855957031,426.1011502772981,404.69451038394453,417.1556732811307,96487
2016-08-05,422.5463562011719,429.6949364911594,414.3821905554727,414.3821905554727,46318
2016-08-08,416.8821716308594,428.8745945956243,414.0696421916747,428.8745945956243,34613
2016-08-09,409.9289855957031,419.73383340496946,407.85861815795306,419.57757116134917,20179
2016-08-10,406.92108154296875,417.15566217074195,404.069498332149,417.15566217074195,13952
2016-08-11,406.764892578125,414.0696878080918,403.91326150336505,411.7258971223856,16832
2016-08-12,402.6241455078125,414.264991305732,399.38193043363674,414.264991305732,18727
2016-08-16,397.70220947265625,408.60084577546905,394.5381015613994,408.60084577546905,13017
2016-08-17,396.2568664550781,412.3508758759666,394.61620829638713,402.35071236762127,33527
2016-08-18,396.6474914550781,402.7413372637713,393.3271215552313,402.7413372637713,16486
2016-08-19,385.2410583496094,398.4444074759463,382.7800829542416,398.4444074759463,112470
2016-08-22,364.85003662109375,386.72541354912505,362.66250846519813,386.72541354912505,103675
2016-08-23,375.2408752441406,389.06924967928904,371.10018794711306,371.8423978599159,143749
2016-08-24,377.54559326171875,385.70980652254815,374.2252233261527,376.13932847297536,38540
2016-08-25,376.76434326171875,395.35840603093556,373.756473855509,382.8191357143436,66971
2016-08-26,376.9986877441406,384.3816372651038,375.7877388709653,378.131529342094,17906
2016-08-29,375.2408752441406,384.2254061102287,371.60800448848113,384.2254061102287,12174
2016-08-30,374.6549377441406,381.8425721689353,373.44398874015565,381.8425721689353,7855
2016-08-31,372.7798767089844,387.5066985493229,371.49079669395775,387.5066985493229,12703
2016-09-01,372.5455322265625,378.1315618951963,371.13924351745703,378.1315618951963,11220
2016-09-02,374.3930969238281,377.38068441146515,366.6489259971576,376.47654798703957,12431
2016-09-06,368.1820068359375,380.48620830080773,366.4523598264585,372.6634118926933,12201
2016-09-07,352.26129150390625,372.6634454234257,349.8633612097562,367.1599768201262,46874
2016-09-08,352.6543884277344,361.26339514546316,349.98127996523647,354.18750710126477,38887
2016-09-09,343.4950866699219,353.7551398474173,339.40680975059576,346.71855192867395,45016
2016-09-12,334.8860778808594,344.35989648598286,330.9943297273945,339.7212634095872,390415
2016-09-14,351.12127685546875,357.5681823674335,338.85640003692725,342.3943438888209,282392
2016-09-15,363.34686279296875,374.78623004718884,352.2219986606999,354.1875232067976,112866
2016-09-16,366.09857177734375,375.72964138553846,360.9882083117711,369.87239304015895,64238
2016-09-19,370.0689697265625,371.87724270479487,362.44272491947237,370.3048230739078,11659
2016-09-20,370.2655029296875,377.3020660161326,363.3861674022249,365.666170949826,46180
2016-09-21,367.7496337890625,378.1669136345036,364.40824214052475,378.1669136345036,7475
2016-09-22,375.02203369140625,376.5944531198818,365.1944122634344,369.55786658016734,33539
2016-09-23,378.0882873535156,380.84002164865507,373.4496543403529,375.17932549458527,23579
2016-09-26,376.94830322265625,393.7338634814161,373.9213906537388,378.16691883158256,65333
2016-09-27,383.4345397949219,393.45871502563716,377.38071456810405,377.38071456810405,49802
2016-09-28,381.3117370605469,391.5324640333038,379.0317335344986,389.01658318118416,14743
2016-09-29,355.6813049316406,385.24279789531244,346.7578189980748,385.24279789531244,53322
2016-09-30,367.7496337890625,371.0910254376002,354.5806196448256,360.8702980420731,17974
2016-10-03,369.6365051269531,374.86479510871004,364.05441116427323,369.5185784643845,19551
2016-10-04,368.49652099609375,374.23584259831875,365.54823442100195,367.15995481809847,11231
2016-10-05,374.70758056640625,383.67036713107046,368.73238152555746,373.4496401378247,23597
2016-10-06,365.3910217285156,386.42213486727366,361.6565250029418,380.8400402261929,29644
2016-10-07,360.0841064453125,368.6537888961311,357.88272849227985,367.7889532741468,7798
2016-10-10,375.2579345703125,395.4635363844604,355.3668358762944,363.9365180490036,114586
2016-10-13,366.2558288574219,374.6289581711019,363.22891642192883,374.6289581711019,24775
2016-10-14,359.49444580078125,368.88966289357353,356.93926384593703,359.29789334271635,13606
2016-10-17,356.3495788574219,363.8578725763804,355.3668166432536,360.0840752712614,18563
2016-10-18,354.69854736328125,360.83099821463327,353.873036668493,356.546145196571,17152
2016-10-19,351.671630859375,357.7254558635847,350.64956772562374,357.6861549712169,12365
2016-10-20,353.0867919921875,356.15300511840456,350.64953704814224,354.5805856697582,10529
2016-10-21,353.9909362792969,360.0447608890226,343.57365719945085,360.0447608890226,31544
2016-10-24,354.65924072265625,360.7130417038363,352.30061135495055,358.3544123361306,11484
2016-10-25,352.10406494140625,357.7254602321244,349.94198798395934,353.79441121858457,12105
2016-10-26,362.6785888671875,368.4179350836066,346.718538744491,349.0771682597597,43203
2016-10-27,358.7868347167969,371.09101286593256,354.65923340843636,364.60478223850896,45386
2016-10-28,365.0372009277344,367.6710085591562,354.58062017399294,354.58062017399294,15997
2016-11-01,387.28692626953125,397.03592233617195,376.5944689089631,380.5255176449648,90323
2016-11-02,378.04901123046875,384.3779909266737,372.66346895847954,384.3779909266737,35459
2016-11-03,372.11309814453125,382.01934667346654,370.30482515613096,382.01934667346654,36019
2016-11-04,365.7840881347656,378.9531015173714,363.62201131075574,378.9531015173714,47059
2016-11-07,381.6655578613281,388.3876420690823,368.3392921242208,368.5358445746606,43712
2016-11-08,380.4076232910156,388.70212723117646,375.53311284707553,387.2083333832656,28801
2016-11-09,377.4200134277344,382.8841812585893,338.03092075155985,349.78474313143084,83176
2016-11-10,376.4765625,389.9600555912555,370.3048108537931,385.164171076671,36427
2016-11-11,358.62957763671875,381.31173403737967,353.9909448460416,377.3806852328706,75503
2016-11-15,351.27850341796875,363.11097444075585,347.50470625054385,363.11097444075585,39386
2016-11-16,344.9495544433594,360.08409329927883,342.7874774639423,360.08409329927883,18251
2016-11-17,344.67437744140625,360.87030439822763,340.4681501405172,358.7475283044797,18733
2016-11-18,335.71160888671875,356.9392750224129,334.13918917296365,356.9392750224129,27591
2016-11-21,325.6873779296875,343.1412433870564,325.0584197482325,342.0012296908004,19528
2016-11-22,326.1591491699219,334.53227896825064,318.4149776313549,334.53227896825064,54798
2016-11-23,332.4488220214844,335.71158792515763,323.1322310005616,330.1294934912243,22924
2016-11-24,341.608154296875,345.0674725797186,330.2081123237917,341.84400763696163,87986
2016-11-25,348.48748779296875,353.7157780734525,338.5812396865046,338.5812396865046,12092
2016-11-28,349.195068359375,353.7944003627342,342.19780612862235,353.7944003627342,120271
2016-11-29,348.9591979980469,356.93922206269946,344.71367019946877,356.93922206269946,45845
2016-11-30,347.07232666015625,350.2564667606931,343.57368344427135,343.57368344427135,78137
2016-12-01,348.2909240722656,352.8116301973571,344.04539616212764,352.8116301973571,40690
2016-12-02,345.6178283691406,349.8633564351026,342.0012585376846,349.8633564351026,61447
2016-12-05,339.9178161621094,345.9323164101419,338.46332321492287,345.9323164101419,4594
2016-12-06,340.2716064453125,345.9323268455273,338.8564383418688,345.9323268455273,4728
2016-12-07,337.08740234375,345.73570887618445,336.4977450801749,345.73570887618445,5857
2016-12-08,340.90057373046875,345.93231164668583,338.9350492324762,345.93231164668583,6420
2016-12-09,340.50750732421875,345.9323507532966,338.8564617606155,340.9006122682566,9565
2016-12-12,338.9350280761719,345.146080303491,337.28398280227253,342.0012413030036,8930
2016-12-13,335.5543212890625,340.19297814115686,333.7460484096895,339.05296437380116,6241
2016-12-14,331.03363037109375,337.7557386317199,329.0288049561041,334.6502002899242,6044
2016-12-15,328.5177917480469,334.49299142718746,320.7736199003382,334.49299142718746,10316
2016-12-16,326.08050537109375,334.1391555942492,324.1542818180278,334.1391555942492,12660
2016-12-19,318.61151123046875,325.33359520756886,311.33907081373377,316.05632946242673,32359
2016-12-20,321.3239440917969,324.3115316344145,312.95079080775196,312.95079080775196,29155
2016-12-21,324.39013671875,341.529499093975,318.49356379242715,324.7046158095105,217879
2016-12-22,322.14947509765625,331.7019196521216,321.1667128185298,324.4294787865857,147589
2016-12-23,322.38531494140625,330.1294861751338,320.85222024612796,325.3336016552706,80995
2016-12-26,315.5452880859375,325.4908366287274,314.48390012437426,322.3459976274836,8771
2016-12-27,316.528076171875,321.5598141869139,314.8770307624915,317.9825691275991,7205
2016-12-28,316.9604797363281,321.4025603590475,316.0563432545175,317.117731295434,5355
2016-12-29,315.6632385253906,320.73430139413233,314.48392381109903,316.0563434301545,5308
2016-12-30,323.3680725097656,327.7315511792054,317.0390933860178,317.0390933860178,16572
2017-01-02,319.1225280761719,325.6873841916537,318.4149441101261,324.3508180388429,8305
2017-01-03,320.3018493652344,322.22807286213236,315.27011173224116,316.0563214871844,36606
2017-01-04,326.906005859375,335.7115646945519,320.7342784898923,321.7170406816211,36221
2017-01-05,328.67498779296875,335.71157489687675,326.2770575695641,335.71157489687675,20614
2017-01-06,326.8274230957031,333.35295483119603,326.2770666390244,330.2081156346753,13112
2017-01-09,326.6308898925781,331.9378063494158,323.32879894436877,327.1025966052763,16659
2017-01-10,326.39495849609375,330.20808041380116,323.91840269163356,328.04600369680605,43209
2017-01-11,325.7660217285156,329.42189234612374,323.1322142106369,327.9673994786488,40152
2017-01-12,322.9356689453125,327.84948009785836,322.346011607007,327.7708543207739,15772
2017-01-13,321.5990905761719,327.063257968852,319.98737017625666,326.2770482141192,11197
2017-01-16,322.7391052246094,327.33843710136244,321.00943416205035,324.350825629053,13984
2017-01-17,326.2770690917969,327.06327889683735,322.73912496911476,323.0929289786706,15708
2017-01-18,324.5867004394531,330.20809535942846,323.52531247715433,325.13703286912164,10712
2017-01-19,323.6825866699219,331.78053807299403,322.3460204026719,331.78053807299403,14741
2017-01-20,320.4197998046875,325.4515618042505,319.2011841913924,323.52533816442843,12516
2017-01-23,342.47296142578125,358.5116350366733,323.17149825759174,329.3432494050023,276693
2017-01-24,344.79229736328125,349.7061086014606,340.5074683595202,345.9323111678264,40297
2017-01-25,347.6226806640625,357.6075553645428,342.00128503059454,348.2909638357549,71561
2017-01-27,358.0399475097656,364.3296260746916,353.79441927708456,353.79441927708456,96805
2017-01-30,364.7620544433594,372.66345351231365,357.7254669791197,357.7254669791197,62267
2017-01-31,357.6075439453125,367.3565409833591,354.58063131834126,367.31724008937005,23914
2017-02-01,359.4158020019531,360.8702949173662,346.7185186460969,358.8654695428906,33228
2017-02-02,343.1805725097656,364.8013416827749,340.4288382513826,361.6565025303372,78538
2017-02-03,332.13433837890625,343.73093288601683,331.11225124675497,343.1805764307647,79871
2017-02-06,329.53985595703125,337.99161189911285,328.6357194223364,332.13436287471893,43816
2017-02-07,328.989501953125,334.1391665700343,325.6874111803217,331.3481313642076,68411
2017-02-08,337.5984802246094,342.5516163151063,326.27706400710304,326.7880955737716,129704
2017-02-09,331.8591613769531,341.21505319826167,330.99432579831375,341.13642741961826,76221
2017-02-10,331.466064453125,335.711592676621,330.7977813084035,331.780543582047,26731
2017-02-13,329.107421875,334.13915971679745,328.6749920959059,333.3136490371375,31164
2017-02-14,327.1025695800781,332.56673715184616,326.2770589078396,332.4488104834147,24987
2017-02-15,318.65081787109375,328.79294334334475,317.6287547427239,326.2770624213625,33859
2017-02-16,320.1839294433594,323.1322160864842,316.1349539187782,318.41495745748443,35795
2017-02-17,318.1004943847656,323.5253372829686,316.9211796680598,318.41497351057666,20745
2017-02-20,325.4122619628906,329.3826362214611,317.70741479704054,319.20120875859664,39213
2017-02-21,326.3163757324219,330.0508723721427,323.9184453820995,326.23777394510864,114648
2017-02-22,322.9749755859375,330.7977726773173,322.3460173445041,325.45155564547656,173994
2017-02-23,319.79083251953125,327.0632730869699,318.4935911629022,323.1322241315977,35251
2017-02-27,319.55499267578125,322.34602795468635,318.4936046143597,318.5722303954316,20022
2017-02-28,317.0783996582031,323.13222465659965,316.05633652543327,320.57704283145625,39259
2017-03-01,316.6852722167969,319.987362706882,313.69768481583765,319.90873693460054,27893
2017-03-02,315.4666748046875,322.30670950054383,314.48391257788165,318.45426237689003,43027
2017-03-03,312.7149658203125,318.41498719604414,310.5921896417174,314.48393797140164,35624
2017-03-06,313.5404968261719,318.3363819888662,312.91153850686396,313.3046434547369,53904
2017-03-07,311.496337890625,316.7639292482657,306.5039007732969,316.7639292482657,39901
2017-03-08,312.5970153808594,317.55012743012117,310.55286514078267,310.55286514078267,41265
2017-03-09,312.3611755371094,314.95568253546736,310.9460073512569,313.69774192958664,30543
2017-03-10,313.81561279296875,318.41494456871584,309.9238889775036,314.48389587033665,48076
2017-03-14,314.4053039550781,321.95292306738986,312.1646011570641,318.5722304200141,85696
2017-03-15,315.0342712402344,316.05633436602113,313.068746772784,314.48391479206083,73485
2017-03-16,316.0563049316406,334.178429236529,312.9114660765994,315.2700952178803,440811
2017-03-17,336.9695129394531,340.42883113618876,318.3756566379331,319.20116730090683,415511
2017-03-20,340.7433166503906,345.8930051475935,337.28399838863805,337.28399838863805,127626
2017-03-21,342.0798645019531,344.7529728336044,332.21291781625825,342.3943436009914,103151
2017-03-22,336.3405456542969,341.21505605233216,334.9253775997546,339.01367819121765,56079
2017-03-23,337.32330322265625,339.6426317170859,334.1391631475961,336.49779253452033,41958
2017-03-24,332.2129211425781,339.5639871231356,327.25980930178406,337.99156761898286,140711
2017-03-27,330.95501708984375,335.7115766702021,329.7757024177002,330.99431798162783,47744
2017-03-28,345.6178283691406,359.0226956869509,331.7805312710411,331.7805312710411,231291
2017-03-29,341.88330078125,349.7060730819441,335.0825915169991,349.7060730819441,86789
2017-03-30,340.4288330078125,350.2564552078071,339.48537167932574,343.3378187762982,52173
2017-03-31,336.22259521484375,347.5047099402815,335.0826054718299,340.42882218131643,55587
2017-04-03,334.9646911621094,342.0012787943619,333.35297059496423,341.9619778998345,70979
2017-04-05,348.0157775878906,356.15305415362064,335.9867767468775,339.56402188777713,229326
2017-04-06,354.7771911621094,363.22894696264717,349.1557955910934,349.1557955910934,217406
2017-04-07,353.44061279296875,361.6565149583317,351.08198334758833,355.0916582033789,115275
2017-04-10,370.5799560546875,373.4496167319847,353.7550728574056,353.79437374609074,316945
2017-04-11,369.007568359375,379.1496698139185,365.74480254168327,372.97791818678485,128955
2017-04-12,360.1626892089844,371.68065718181333,356.93922445381963,371.32685319905454,68018
2017-04-13,360.1626892089844,365.5089058810498,358.4330181716129,358.4330181716129,33947
2017-04-17,352.9689025878906,363.3075567553375,351.43578386635374,363.3075567553375,59341
2017-04-18,344.9102478027344,357.72545790626464,342.86609753034054,352.96889822809527,64889
2017-04-19,349.3523254394531,354.58061575110844,342.1978115425054,346.67921694862065,86094
2017-04-20,349.78472900390625,357.7254526414031,349.0771449951274,352.10405746996764,144574
2017-04-21,349.5881652832031,356.78197979468865,349.0771337374113,352.2219727800907,62662
2017-04-24,351.0820007324219,353.401329399182,349.4702801288907,353.401329399182,40457
2017-04-25,350.0599060058594,352.65438869339926,348.644737993241,351.16059490380906,37337
2017-04-26,349.50958251953125,367.2386292003232,348.4482184065886,356.15306541203296,215945
2017-04-27,368.77166748046875,377.3020479241258,352.3792136613526,353.7157558180973,1294477
2017-04-28,366.8847961425781,380.52554088835615,364.0937609668209,377.144848366181,387497
2017-05-02,357.9219970703125,372.66343022806836,355.4454410984531,370.30480092282744,206398
2017-05-03,345.8144226074219,360.5951588434969,344.08475126367574,356.54618273566126,135056
2017-05-04,351.2392272949219,354.5806189367874,342.78747196549733,342.82677285811405,138856
2017-05-05,340.86126708984375,352.5758129194984,339.6426514331472,352.5758129194984,89821
2017-05-08,342.47296142578125,348.05505527872367,340.8219162026269,344.4777866296865,92227
2017-05-09,340.6253967285156,345.57850888400276,340.4288442780087,343.4557568144593,44994
2017-05-10,344.9888610839844,352.8902842090566,340.66470705311156,340.66470705311156,91989
2017-05-11,345.93231201171875,349.54888189048506,345.1068013189784,345.14610221169215,42021
2017-05-12,338.2667541503906,347.1509149700689,335.908124836152,345.9322994216662,51782
2017-05-15,337.5984802246094,343.652305226366,335.7115815205615,338.07021089892606,36324
2017-05-16,343.41644287109375,344.3599042608772,338.0702256442402,341.1757640584927,56471
2017-05-17,345.93231201171875,351.39647971919146,342.3943679115989,343.41643105434594,105556
2017-05-18,335.6329345703125,345.93228700478005,334.13914085688987,342.0012382888167,101579
2017-05-19,328.55706787109375,338.6598685151697,327.1418998402273,337.16607470631766,48858
2017-05-22,320.3018493652344,333.31363520547563,318.4542516424742,330.2080970761628,45883
2017-05-23,311.653564453125,324.5867254484743,310.5528755157636,322.81775337275155,75054
2017-05-24,294.239013671875,314.483915748163,287.2024264597224,312.12528638005176,163049
2017-05-25,298.8776550292969,304.6956028354847,294.0424694874387,294.86798019218793,93665
2017-05-26,303.71282958984375,310.55286429955163,301.00042023429774,302.69076646918325,59699
2017-05-29,295.3004150390625,304.4990555947092,291.7624708269169,303.75217065696586,39821
2017-05-30,294.19970703125,300.33213367122863,291.6838261571357,295.3003959162182,39561
2017-05-31,298.83831787109375,302.57281402235435,293.41347562895857,293.6100280579723,36584
2017-06-01,296.24383544921875,304.18455902432135,295.6148772226282,302.4942127962931,51563
2017-06-02,297.9341735839844,300.72520840457054,295.85069869719706,298.40588020651694,52131
2017-06-05,297.50177001953125,301.8259237232838,296.67625936428385,299.5459202054033,46818
2017-06-06,299.192138671875,302.65148108911353,293.0990125410485,298.75973286633007,77526
2017-06-07,299.3100891113281,302.4942292961045,298.44525350767907,298.7597326381279,28590
2017-06-08,298.9955749511719,301.0004243210673,295.6148824355002,295.6148824355002,29840
2017-06-09,299.270751953125,305.36387782945815,293.2562518544851,301.74730799453926,105274
2017-06-12,300.88250732421875,310.9459834099848,295.61489193970743,298.75973121566176,296838
2017-06-13,318.7687683105469,320.77359367372014,300.8824956240833,301.9045587517366,274510
2017-06-14,325.6873779296875,329.0287692542528,322.8963430088079,323.2108220995354,184756
2017-06-15,335.5543212890625,339.72124747903666,325.4515449075133,325.4515449075133,127728
2017-06-16,326.906005859375,341.72606450928856,324.70462814718957,335.3970855918422,72616
2017-06-19,328.36053466796875,335.7116014659252,326.27708339194135,329.8936534522792,59212
2017-06-20,324.62603759765625,333.31367071114494,323.13224370278374,328.47846100860744,41542
2017-06-21,322.46392822265625,326.27705035679486,319.20116251773186,326.27705035679486,42113
2017-06-22,325.2549743652344,330.0115336266522,324.0756597721671,325.33357614353207,34275
2017-06-23,320.69500732421875,325.88399736437054,318.0218985136017,325.5695182089841,33938
2017-06-27,311.02459716796875,319.20117417074306,309.05907269647406,318.6508177214371,56790
2017-06-28,304.6562805175781,310.9459585669733,303.90937165192537,310.9459585669733,23883
2017-06-29,313.26531982421875,315.85980269461515,304.2632075739043,304.30250846855085,56923
2017-06-30,310.5921936035156,313.8156588074839,307.4080532882276,310.55289270805605,33076
2017-07-03,307.2507629394531,311.69286725386496,306.62180473216137,310.592154401278,36907
2017-07-04,303.94873046875,310.6315141423038,302.6907899197899,309.6487518373694,23349
2017-07-05,304.223876953125,310.3170026076223,302.1797267736178,302.76938409502077,32863
2017-07-06,307.44732666015625,309.7666551219353,305.44250130678137,306.58251509170026,29957
2017-07-07,306.9363098144531,311.3390896177931,303.5556171759922,306.66113157801567,56867
2017-07-10,303.0052185058594,314.4838851110562,301.4721239618728,309.64870017611696,49600
2017-07-11,311.02459716796875,322.1494608779852,303.4769783987853,305.75698198707545,191608
2017-07-12,309.05908203125,313.46186177902285,306.7790783740949,308.27287221890555,37257
2017-07-13,309.6880187988281,313.5404418134052,307.4080152998513,307.4080152998513,40654
2017-07-14,306.4252624511719,310.3170104683009,304.2238846594579,309.01974513377894,41012
2017-07-17,307.9190673828125,309.7666652355261,304.26319656382896,306.4252735419957,19083
2017-07-18,308.35150146484375,310.0811486755122,302.9659593911035,306.6218302609556,32105
2017-07-19,307.1328430175781,310.5528603287024,303.4769723718459,309.76665055571834,18064
2017-07-20,305.8749084472656,310.55286628350717,305.04939776709057,309.76665649544765,21902
2017-07-21,311.574951171875,317.4715249941529,306.110807159163,308.07633176658896,56401
2017-07-24,308.9411315917969,316.8425300007316,307.4080129783773,316.33149846066425,36226
2017-07-25,303.87005615234375,311.37834936554844,303.47695129315576,311.3390484769163,34818
2017-07-26,303.47698974609375,306.621829018074,302.69077992809866,302.69077992809866,31846
2017-07-27,300.3321533203125,305.0494122729876,298.7597336694208,302.69078279665007,34762
2017-07-28,298.7597351074219,303.87009899741724,297.9735252781918,300.2928538717084,43771
2017-07-31,295.96868896484375,301.90456336071605,294.4748711494733,298.7597241590419,22721
2017-08-01,294.7893981933594,298.5631959444138,293.68868518884926,294.9073248743509,23914
2017-08-02,291.2514343261719,297.85559194545925,290.4652245145134,295.89006741631306,32249
2017-08-03,286.8486328125,292.470027740591,283.9396471328469,291.68381798860014,54688
2017-08-04,289.1679382324219,291.95899725803014,284.6865570257713,284.9224103549359,30127
2017-08-07,291.4872741699219,293.25624616421,288.538987512775,290.89761683849247,31602
2017-08-08,286.06243896484375,295.61488318398017,284.8831242712906,293.17762801865996,27005
2017-08-09,278.4754943847656,286.96654982334786,277.61065888802455,286.8879240521502,48613
2017-08-10,259.016845703125,284.01830943461385,256.46166368052985,284.01830943461385,87798
2017-08-11,260.2354736328125,263.38031319332987,246.94853128827097,257.8375430652067,64022
2017-08-14,264.6382141113281,271.16374562305833,262.3582105706765,271.16374562305833,135411
2017-08-16,272.7361755371094,274.4265218129016,264.95270329532667,267.272031808701,36035
2017-08-17,273.0899658203125,274.19065468923867,270.4561583171272,274.19065468923867,36459
2017-08-18,267.46856689453125,271.0065107741244,264.6382069922132,268.33337842608006,25748
2017-08-21,263.6161193847656,270.65270623940233,261.76854566819185,267.4685663515199,18365
2017-08-22,265.8175354003906,268.09753899791684,264.16649003900307,264.16649003900307,28775
2017-08-23,269.63067626953125,271.2423968564626,266.7216902421883,268.4906623956,34525
2017-08-24,269.4734191894531,272.61825850895076,267.42926883313567,272.61825850895076,28389
2017-08-28,267.8223876953125,271.7927619388732,263.4196076200907,271.4389578997169,24906
2017-08-29,274.0334167480469,278.86862622242074,267.31133254171203,267.35063343450406,35251
2017-08-30,281.5810241699219,284.7651881325781,274.1120313590846,275.1341184554458,33629
2017-08-31,288.1458740234375,295.6148666652456,282.24930088516794,282.24930088516794,57626
2017-09-01,290.9369201660156,292.43073794605255,283.1141472328158,283.1141472328158,31761
2017-09-04,292.27349853515625,298.72042861122895,288.69625347653295,295.10385866594964,34363
2017-09-05,297.6590576171875,298.75974662188713,285.11900076037523,293.29557850085644,43261
2017-09-06,296.9907531738281,298.68109945214985,293.7672881819012,297.22660651751244,19990
2017-09-07,301.5114440917969,306.50388088518076,298.13075170839375,302.6907587362237,56795
2017-09-08,317.7467041015625,327.8495054098383,298.75974114085983,302.6907903663975,389881
2017-09-11,317.4715270996094,327.0632968447484,312.99014536089004,318.41498851471897,267097
2017-09-12,318.6901550292969,322.26740010957036,315.2701375169405,318.4149767939175,92527
2017-09-13,315.2701416015625,320.6163588444008,314.5232326663157,316.84256126042317,62298
2017-09-14,317.1963195800781,321.3632214784138,315.2700961782115,315.2700961782115,47440
2017-09-15,323.2024841308594,325.7016851503929,311.19022393082093,314.41499309072583,71536
2017-09-18,320.5420227050781,326.5481398157287,316.47073734514044,326.5078400470597,74002
2017-09-19,321.87225341796875,324.8954743329778,318.4459363809584,318.4459363809584,37252
2017-09-20,319.8567810058594,326.4272430422725,318.2040967045102,323.28309813068586,31577
2017-09-21,322.1141052246094,324.0086619419995,309.57782551689695,319.2521325643,34390
2017-09-22,310.0212097167969,320.09861251090723,306.3530449409544,318.405628523924,93475
2017-09-25,305.66778564453125,316.3901572954893,298.2911315023108,316.3901572954893,51092
2017-09-26,314.41497802734375,316.4304586557241,302.68489061138376,302.68489061138376,42177
2017-09-27,309.53753662109375,315.3824306675949,307.1995593200645,310.4243284491686,23553
2017-09-28,310.9886779785156,314.13282301025106,307.3205128753303,310.42433353047034,30560
2017-09-29,314.6971740722656,316.87387855396724,312.07704905691304,315.18089438032274,15840
2017-10-03,312.6816711425781,315.78551624612857,310.3840182943377,315.1405476800595,12493
2017-10-04,318.0428466796875,320.0583273303826,310.46464435368097,310.46464435368097,20770
2017-10-05,315.0599365234375,318.8087503476157,312.84290772992983,318.76842597136664,10288
2017-10-06,313.0041198730469,316.9947810816049,310.90801524433994,313.16536815334484,9113
2017-10-09,309.0538024902344,314.4149760066641,308.7716302834676,312.5607436816849,22348
2017-10-10,304.90191650390625,313.44753460737087,301.67714752809775,306.473976617792,52600
2017-10-11,293.7361755371094,309.77939772029885,292.04316675127717,309.57784964110544,67504
2017-10-12,288.6168212890625,298.8554725558939,285.43235210681013,298.8554725558939,51006
2017-10-13,303.00738525390625,305.5468861149934,290.2292321936613,290.2292321936613,91068
2017-10-16,301.5158996582031,306.1112052963469,299.2585712132059,306.1112052963469,20344
2017-10-17,304.7809753417969,306.353060096665,300.54846595888245,305.1034719295901,17739
2017-10-18,313.4475402832031,315.90644143360316,302.36239672813434,306.3127584774598,43935
2017-10-19,316.1482849121094,318.9296580069836,312.80259200584965,314.0118803770063,35623
2017-10-23,316.59173583984375,320.8645453207392,314.41500672132736,320.0583529958127,29984
2017-10-24,313.366943359375,319.25213705477665,311.7545588287953,316.0273679936173,31946
2017-10-25,310.746826171875,321.42887395078606,308.7313454588729,311.5933182301215,67481
2017-10-26,319.2118225097656,321.83194725069956,310.8274036563496,310.8274036563496,51886
2017-10-27,320.58233642578125,326.46755448655483,318.4459319296449,319.171500018498,46181
2017-10-30,338.681396484375,344.72783884745104,317.6397721402629,325.6210711389159,182844
2017-10-31,349.44403076171875,353.9183877819857,332.15119764505266,342.14797634288914,161928
2017-11-01,349.5649719238281,365.12447283713925,337.0286674090085,354.7245975124937,232412
2017-11-02,379.353759765625,396.6465936596852,363.5927108547114,363.5927108547114,1075708
2017-11-03,369.1957702636719,385.35991589023826,362.786531695831,385.35991589023826,174689
2017-11-06,364.76165771484375,374.637511812428,354.7245553418003,362.7864770541139,118180
2017-11-07,348.5572204589844,368.95387432338157,346.6626637712555,368.30893037153265,116556
2017-11-08,343.31695556640625,355.8935588903815,336.18214962850396,351.90289763271454,71363
2017-11-09,350.4920654296875,354.56332627374115,337.14959411423325,346.9851243742466,59602
2017-11-10,347.8316650390625,355.8532633708061,341.82552278105845,349.564973500482,55925
2017-11-13,352.78973388671875,358.75555162230285,349.9680610087905,358.75555162230285,33880
2017-11-14,362.06097412109375,366.21285962885975,352.30604217459927,352.30604217459927,95725
2017-11-15,353.1121826171875,366.7368258386595,346.70294480381284,354.80519115308203,82439
2017-11-16,351.86260986328125,358.7555436128309,349.8874290516148,354.72458244864174,48324
2017-11-17,358.7958679199219,361.2144447838325,343.43791467530406,355.3292509228645,78543
2017-11-20,367.50274658203125,376.491785358967,347.4688640036719,347.4688640036719,132036
2017-11-21,363.310546875,372.2995858965231,361.1741422488228,368.4298727850715,44818
2017-11-22,362.9074401855469,368.79265843348355,358.9974028118356,362.7865162673981,48334
2017-11-23,361.01287841796875,366.8174724384282,358.7555499672539,361.69814674862556,44669
2017-11-24,362.9880676269531,366.01128862329085,359.23927851210135,360.8516630434815,37947
2017-11-27,378.50726318359375,382.1351283259285,362.98806229693946,362.98806229693946,225856
2017-11-28,378.66851806640625,386.16609631651477,372.2995794676929,382.0545108296984,159217
2017-11-29,388.38311767578125,399.8713572749092,374.91969721664185,374.91969721664185,308966
2017-11-30,391.89007568359375,402.0884031948972,387.77849009873796,391.245107092086,249676
2017-12-01,369.35699462890625,385.35991658772775,365.6888295318903,379.71657052891163,304107
2017-12-04,367.2608642578125,383.74750536963353,360.36793046266007,365.205083891689,81635
2017-12-05,361.0531921386719,374.7987597052242,358.7555393815763,374.7987597052242,88199
2017-12-06,365.6888427734375,373.9523140873518,359.2796039619184,364.7214021442522,105448
2017-12-07,374.839111328125,382.7800856227821,372.86393039616337,376.49179566488283,81946
2017-12-08,381.4902038574219,382.94134014729184,375.282513344346,378.10418637701025,44514
2017-12-11,393.3009338378906,398.90395577992206,377.2980111372113,385.27931029835247,86916
2017-12-12,406.84490966796875,413.57661980370426,387.4156717312424,387.49629587598264,280757
2017-12-13,406.2806091308594,418.0509967301626,399.95199481562236,410.35187030147694,176190
2017-12-14,405.9580993652344,414.82621415278464,397.5334050788827,409.8681367148977,83488
2017-12-15,422.3641357421875,425.66950425568456,405.47439841204067,411.1580438833317,153105
2017-12-18,439.2135314941406,442.5995488126096,354.7245928552791,419.1393738312,305778
2017-12-19,453.9265441894531,457.9172057355812,438.60889118069247,443.40574499043953,384358
2017-12-20,451.95135498046875,463.56054304524724,441.79335232834,455.49862055750384,203147
2017-12-21,444.97784423828125,455.4986437799488,442.6398669152119,452.7575703119414,56128
2017-12-22,435.86785888671875,449.4521785931603,432.119045248312,445.9049130169029,74215
2017-12-26,437.1980285644531,441.7933340333862,424.9438970493208,438.89106174041154,51747
2017-12-27,427.8462829589844,440.98720820693393,426.0726499769005,440.98720820693393,29824
2017-12-28,427.080322265625,436.1096848380796,424.86329369322203,431.87717574531035,32353
2017-12-29,422.08197021484375,432.1190742241377,420.1067892321195,427.28192040819584,40462
2018-01-01,413.8991394042969,425.6695271000123,411.1983657219698,420.2680289414303,31085
2018-01-02,405.15191650390625,419.2199814933095,402.5721159949996,415.1890201327969,157288
2018-01-03,417.48663330078125,422.4447352770137,405.8371701527684,408.7394671477976,76889
2018-01-04,421.43701171875,429.90203060549675,417.4866498891729,417.4866498891729,51285
2018-01-05,416.8819885253906,427.1206398368023,414.82620815014747,425.1454590033062,27028
2018-01-08,433.6508483886719,499.8392150917842,415.18902543914334,415.18902543914334,259300
2018-01-09,424.5812072753906,437.27873638312656,420.8323932849626,433.77177024877386,36663
2018-01-10,416.5192565917969,428.73303997665494,412.40764648509446,428.73303997665494,33749
2018-01-11,417.2447814941406,425.62920042280086,411.96423219469835,419.1796625410835,36953
2018-01-12,414.1006774902344,421.4370074350834,412.77044056769523,421.2354593683999,107077
2018-01-15,413.8587646484375,418.81686658202875,411.9642325763555,417.44632993968025,32781
2018-01-16,403.5395202636719,417.16418894974095,401.92713576619957,413.97971972601914,30324
2018-01-17,409.2635192871094,418.9781513378174,395.0342300044936,405.6356539095171,46565
2018-01-18,392.4140625,415.14869291132146,388.7861975154083,414.26185194700264,60838
2018-01-19,389.5924377441406,395.719504282659,386.9723127101655,393.42185125533496,43604
2018-01-22,394.3892517089844,397.4527723646993,390.1970422403944,390.1970422403944,14251
2018-01-23,389.9148864746094,407.00617244024954,387.61723358444505,397.45278911990437,28069
2018-01-24,392.5753173828125,399.0651550119958,387.2141193552743,389.79394433999994,21279
2018-01-25,384.4730529785156,391.1241385890582,383.1831405455613,391.0435144489298,15895
2018-01-29,381.1676940917969,389.189316991669,380.1599537577946,385.40020349460633,12915
2018-01-30,377.6204528808594,380.0390296814665,372.90422319906827,372.90422319906827,18194
2018-01-31,370.0825500488281,378.8700654349957,368.47016551603195,376.0886922747081,17447
2018-02-01,365.527587890625,373.1864148242525,359.1586735716895,365.2051158877112,40126
2018-02-02,356.5788269042969,370.0422474930806,355.5307868070774,366.01128619141303,42747
2018-02-05,362.1415710449219,365.16479200332327,338.76199563328447,350.7742553207256,61735
2018-02-06,352.870361328125,358.55400690839303,325.70167237996804,325.70167237996804,31081
2018-02-07,358.15093994140625,366.8175074245128,354.7246225643641,355.530814888374,18954
2018-02-08,362.0206604003906,370.84847636374263,357.3044548942819,357.3044548942819,567409
2018-02-09,352.7091064453125,360.32763298574514,342.63170340401786,354.72458705357144,26393
2018-02-12,360.77105712890625,365.20511481428946,356.01452744155705,358.755576362823,20530
2018-02-14,354.8052062988281,359.48111140420303,351.13701688063185,358.6749191720326,42614
2018-02-15,357.46563720703125,361.9803187084113,349.88743500991205,355.53078073587835,32768
2018-02-16,349.1618957519531,363.43148493313447,347.4688869737013,363.43148493313447,14038
2018-02-19,339.6084899902344,349.8068171725982,333.92484439066243,349.2021729767699,28089
2018-02-20,337.6332702636719,344.6874517367324,336.18213420185526,339.60845091734177,23095
2018-02-21,338.2379455566406,342.6720028911376,334.56978069386156,334.97287681517946,12021
2018-02-22,337.3914489746094,340.777466189045,334.56977616359114,335.3759683953106,11715
2018-02-23,337.14959716796875,342.4301463822076,334.8116200411426,342.4301463822076,18131
2018-02-26,344.364990234375,353.9989967795612,338.60072097645394,338.60072097645394,42005
2018-02-27,336.6658935546875,347.3479410269135,334.81163659014027,344.3650198160966,15252
2018-02-28,333.11865234375,338.60074988157083,329.28923910104174,336.30309701533884,23013
2018-03-01,331.14349365234375,336.62559155753416,330.0954534832164,336.544992008399,7577
2018-03-05,328.2411804199219,336.94807176697657,324.8954873934255,330.53883332829895,23757
2018-03-06,328.8055114746094,336.4240134148489,327.0318786974661,327.0318786974661,12063
2018-03-07,329.2489318847656,335.3759983130145,324.89549836573286,331.3853365687965,26083
2018-03-08,335.779052734375,336.90771689858974,323.4443218628971,332.91708025336266,37596
2018-03-09,329.4101867675781,340.2534587062986,328.2008982879637,332.15123573409676,14368
2018-03-12,330.49853515625,336.42402873413477,326.50787352747756,334.2876241119078,26750
2018-03-13,333.158935546875,336.1015322348492,324.1295728245361,324.1295728245361,126655
2018-03-14,331.627197265625,336.9883709741521,329.49079265732905,336.0209304028685,18975
2018-03-15,330.3775634765625,334.7310211675696,328.1202350911052,328.96672708489314,15701
2018-03-16,327.555908203125,335.3759830333377,326.50786809736,335.3759830333377,5367
2018-03-19,319.6149597167969,326.62881824017444,318.48627077008183,326.5078943110371,11245
2018-03-20,310.7871398925781,321.9932082391739,310.3034195791418,319.29245904193834,20388
2018-03-21,313.0847473144531,320.6226493417483,311.91575877755,311.99638291854916,18950
2018-03-22,306.5949401855469,315.22120815267937,304.74070762586393,315.22120815267937,16710
2018-03-23,297.6058349609375,304.41816864611377,294.5019901824305,302.36236384854203,39101
2018-03-26,299.8229064941406,307.8042052116243,286.7222818356581,294.2601846366845,36180
2018-03-27,297.9283142089844,302.32207148917365,294.2601495827957,301.5158792985358,31154
2018-03-28,300.62908935546875,304.74067480921605,293.45398314961545,300.70971350221583,18305
2018-04-02,310.14215087890625,310.38399869901673,299.9035000416473,299.9035000416473,15603
2018-04-03,318.68780517578125,320.50173784410464,304.37789190345217,308.7313499898575,12703
2018-04-04,319.9374084472656,330.5388319161648,312.5204296947618,318.68779566234656,48454
2018-04-05,333.48138427734375,336.90770098009074,321.6303742084854,326.50782696765344,21544
2018-04-06,333.76361083984375,336.0209394294301,328.1202647628416,331.38533372332114,10571
2018-04-09,322.8800048828125,334.0457727687803,320.0583319312773,332.99770805353154,30114
2018-04-10,329.9744873046875,332.35276434986076,319.4536879894053,320.42112855765373,14408
2018-04-11,324.4117736816406,335.2953696337538,322.47691709965,335.2953696337538,35287
2018-04-12,322.39630126953125,330.5388485570314,320.74361686796084,320.8242410199236,13113
2018-04-13,318.3653564453125,325.6210876488913,314.4956429779524,322.51724215786385,18329
2018-04-16,318.3653564453125,322.4769423812815,309.65848884223317,322.4366426046991,22614
2018-04-17,317.59942626953125,322.4768792266205,313.7700133287151,319.25211043435434,11811
2018-04-18,319.0102844238281,322.4769012712803,312.8025942331419,318.12346802472507,11658
2018-04-19,318.4056396484375,322.4769006782869,316.0273626647211,319.0505836085801,24813
2018-04-20,322.1141052246094,326.4675630783688,317.7203722024015,326.4675630783688,7264
2018-04-23,322.03350830078125,323.5652686751377,319.09088686750204,323.5652686751377,12042
2018-04-24,320.2598876953125,328.12026253490797,316.83357045754013,322.4769164962241,144955
2018-04-25,317.43817138671875,325.6210171063031,312.7622665763942,320.703239879769,17052
2018-04-26,318.88934326171875,324.04899348354496,317.6397550816726,318.3250234332935,17380
2018-04-27,318.2041015625,321.75134266057455,316.0273725734583,321.75134266057455,11689
2018-04-30,314.3746643066406,325.66135532476085,311.391743267781,325.66135532476085,16217
2018-05-02,313.366943359375,319.1715129076406,311.59331053452314,315.22117572832747,10358
2018-05-03,310.3840026855469,313.48784763300915,309.6584346128628,313.48784763300915,9054
2018-05-04,304.37786865234375,312.3188670921177,303.1282805286125,310.38401064764844,8655
2018-05-07,306.71588134765625,309.3763061916069,302.3221233142738,304.94224838299755,8542
2018-05-08,306.71588134765625,310.4243463778814,305.5065928543991,307.48174929823,6389
2018-05-09,312.6816711425781,314.41497957088757,303.8135563341685,307.3204975653739,26019
2018-05-10,311.3111572265625,314.4150025570277,309.577848671535,312.8429177030278,6613
2018-05-11,301.8786926269531,312.6816636693023,298.29112733535464,311.391751171029,23795
2018-05-14,291.8013000488281,309.49720549713845,287.85093826937725,309.49720549713845,16062
2018-05-15,289.2214660644531,302.5236380228182,283.0137759760022,291.8415908441311,22667
2018-05-16,286.238525390625,289.94701436155253,283.86027320713026,289.5439182691263,14693
2018-05-17,293.7764587402344,302.03992952103465,282.9734872254538,286.1982563106442,25271
2018-05-18,287.3269348144531,295.99350216055836,286.19827049928864,294.26019361194466,17864
2018-05-21,281.8448181152344,289.58426870708973,279.0231452142584,287.81063589954795,39093
2018-05-22,285.91607666015625,293.09118276751707,280.87737509557206,282.08666347107226,8456
2018-05-23,287.6091003417969,290.1889255189434,284.102158948907,286.3191877532236,25275
2018-05-24,283.900634765625,288.37501712721684,282.08670195490794,287.48820061025856,21439
2018-05-25,285.71453857421875,287.04475091311065,283.37658588722155,286.1982588619165,15527
2018-05-28,299.29888916015625,302.16086196276274,285.0696000910618,286.1579646086151,71970
2018-05-29,301.1531066894531,307.8445171605622,296.67874952023965,299.7422702447237,149867
2018-05-30,309.658447265625,316.83355334962795,302.3220928908663,309.5778231202471,275273
2018-05-31,302.604248046875,313.8506145068784,299.5407029163861,311.9157581420101,152703
2018-06-01,289.62457275390625,307.9251471087285,286.9238237310707,301.51590872640486,23757
2018-06-04,281.7641906738281,292.20439012656163,280.55490230183744,290.79355369257246,13848
2018-06-05,275.3146667480469,282.16730120590455,272.61391765875453,282.16730120590455,16730
2018-06-06,280.5549011230469,290.188908287308,276.5239399000146,277.3301321446211,20344
2018-06-07,287.6897277832031,290.55170061303295,281.03864129415615,281.64328552043315,26033
2018-06-08,291.84161376953125,292.84935414856966,283.0541225849234,288.69746870753863,13712
2018-06-11,297.12213134765625,300.5887726380674,287.00442887868036,297.4849276860479,24382
2018-06-12,303.65234375,309.4166141327107,293.53463959727884,299.29890997998956,30357
2018-06-13,300.5081787109375,310.4243341229611,291.8416115180667,309.45691812836947,49446
2018-06-14,304.0151062011719,306.3530588348306,296.8400000069632,301.9190014043265,13711
2018-06-15,301.072509765625,304.01510659819536,294.78419536687676,304.01510659819536,12958
2018-06-18,301.5561828613281,303.9747594636744,292.08342450213854,292.08342450213854,9061
2018-06-19,295.1470031738281,302.3624094291228,293.6555425122527,301.3949934400463,8568
2018-06-20,296.5578308105469,302.32210060820285,293.45398565702885,294.2601779253174,8634
2018-06-21,295.4291687011719,300.99189047215623,293.45398778830554,298.2911414331677,5631
2018-06-22,301.8786926269531,305.50655768913987,293.45397391910564,305.50655768913987,13410
2018-06-25,301.5561828613281,303.12826749406656,297.1624501288858,303.12826749406656,7543
2018-06-26,293.4942626953125,299.94380034204295,291.3175585013612,291.3175585013612,7669
2018-06-27,285.4726867675781,295.91286186714706,284.4246220582814,293.5749092126166,6376
2018-06-28,282.6106872558594,288.2943574578014,279.3456184399828,285.75485675622684,8599
2018-06-29,284.2633972167969,294.3004761421213,282.48976439472165,287.08507014089406,40948
2018-07-02,286.6819763183594,288.57653307469405,280.55491014178233,285.5533120602352,7010
2018-07-03,286.8028869628906,290.8741478993651,281.3610893887528,281.4013891591993,3509
2018-07-04,296.3159484863281,299.05702178952487,283.7796689737309,286.8028898789908,8899
2018-07-05,301.9592590332031,303.1282474884004,296.27561423400834,297.5252022215377,8466
2018-07-06,298.6942138671875,301.4352624611514,295.06634892143217,300.6693946233122,3821
2018-07-09,297.84771728515625,301.47558217485107,296.2756326584085,299.05700558172117,4300
2018-07-10,297.68646240234375,308.6103565978314,295.5903578141784,308.6103565978314,20615
2018-07-11,292.04315185546875,297.08185357830297,290.39046753159346,296.39658522339033,5992
2018-07-12,292.00286865234375,298.1299106125551,290.8741797199538,291.0354280254487,7099
2018-07-13,292.6477966308594,298.29114257139935,290.51139201683355,295.8725657397394,7353
2018-07-16,292.40594482421875,294.9857453145221,290.22921586402435,294.9857453145221,10475
2018-07-17,292.7284240722656,294.26018449560814,290.22922306416143,293.37336806008267,11922
2018-07-18,290.672607421875,294.2601727944182,290.2292115232618,291.3578757585786,11295
2018-07-19,290.1083068847656,292.607507959573,287.81065388690985,288.6974703461043,8616
2018-07-20,297.84771728515625,302.32207414123314,286.1982301870341,290.269490944256,17702
2018-07-23,294.018310546875,301.55618807201006,292.6880737101722,300.74999585729756,12132
2018-07-24,310.1018371582031,313.4475300008279,291.84158802165405,292.0028363092886,45168
2018-07-25,302.7655029296875,309.98093372496817,302.32210701394814,309.94063395191404,39283
2018-07-26,307.8445129394531,308.7716290983844,299.90351442454045,301.5561986816338,14742
2018-07-27,306.03057861328125,316.10798159315067,300.1453605112167,300.1453605112167,670914
2018-07-30,319.73583984375,320.05831181161835,309.05379291300954,309.05379291300954,32846
2018-07-31,317.11572265625,325.54041680592655,310.22276423956777,322.39627198922824,35471
2018-08-01,319.65533447265625,326.35820328349223,315.6169641995071,318.07329958301654,18829
2018-08-02,323.5688171386719,327.1492132838819,313.99331189253064,317.36554488021585,16938
2018-08-03,322.8610534667969,327.19085725584216,320.9043147273141,324.60962905123984,15352
2018-08-06,324.2348937988281,326.19163234875873,321.4038802466391,324.7344904046354,10120
2018-08-07,321.5287780761719,327.2324531430893,319.73858017034684,327.2324531430893,5167
2018-08-08,326.3165283203125,328.8977562999644,316.57450875977634,320.4879604871486,18594
2018-08-09,308.0814514160156,316.1998139871133,299.92146638056414,316.1998139871133,53373
2018-08-10,303.0855407714844,310.57941403231774,300.62920548288395,308.08145627870664,13755
2018-08-13,302.91900634765625,306.9990244245996,299.7549366252725,300.58758922700935,8984
2018-08-14,302.7940979003906,304.95899963519895,302.0447156796407,303.1271538417751,9193
2018-08-16,306.70758056640625,309.74675737792575,300.17125278156516,300.7541197472987,6392
2018-08-17,308.6226806640625,310.5794193533567,303.91819856293614,305.5835037605413,6456
2018-08-20,310.2879638671875,313.91000749734155,308.0814397188763,308.0814397188763,11712
2018-08-21,309.6634826660156,310.8708390448988,306.70757623570114,308.99737078075987,9204
2018-08-23,310.0382080078125,314.28474145012245,308.0814692695329,308.1230917362987,7051
2018-08-24,309.91326904296875,314.6593730218179,309.74672837962487,310.079784295775,5870
2018-08-27,305.4586181640625,312.7026806983374,303.91820573780376,311.745135269217,8581
2018-08-28,307.3320617675781,311.4953245240868,302.2528761225297,304.04307402572056,16439
2018-08-29,306.70758056640625,309.74675737792575,303.5851334154191,308.12307469519646,13880
2018-08-30,307.6235046386719,308.12307585628037,303.95981297260926,308.12307585628037,6430
2018-08-31,306.5826721191406,310.1630678387008,303.95979631771127,303.95979631771127,9727
2018-09-03,304.7924499511719,308.5393863547212,304.0014452900791,305.58348002280337,7224
2018-09-04,304.5010681152344,306.41615894442066,303.9182011269389,304.917394418148,14368
2018-09-05,319.0724792480469,321.36227384611715,303.04391706155485,303.12716199123435,27723
2018-09-06,314.5345153808594,328.89777253590853,305.75004073430637,325.56716218111455,23778
2018-09-07,313.2022705078125,316.0749321429453,307.24880949802133,309.74676729881827,5298
2018-09-10,306.5410461425781,315.7834949802044,304.7508481549237,315.7834949802044,18880
2018-09-11,302.16961669921875,306.99901691752325,300.6708522169581,305.6667677052137,30306
2018-09-12,299.4635009765625,302.2528922544069,297.21535421438307,301.25369897530004,17291
2018-09-14,305.8332824707031,307.16553168081515,298.2977867858965,298.2977867858965,4968
2018-09-17,300.54595947265625,308.03983270655556,299.754929355973,308.03983270655556,13975
2018-09-18,302.2945251464844,305.99983948955406,300.1712711183245,300.4210567414463,6132
2018-09-19,285.26678466796875,302.9190044689889,279.77127244847975,299.79655723184067,39987
2018-09-21,278.022705078125,300.50432584579886,274.8169874050706,300.50432584579886,22704
2018-09-24,267.69781494140625,279.729655357266,265.11658676032954,279.6463850139007,8829
2018-09-25,272.40228271484375,274.7753476172828,267.2814745004478,269.7794322060595,9834
2018-09-26,272.5688171386719,275.6496163252467,269.77942601596686,275.06677478696787,5195
2018-09-27,263.0349426269531,273.9843188755642,261.53617816034824,273.94269641114624,17694
2018-09-28,259.4545593261719,266.4488361941603,252.2937417713456,265.5745611146147,16956
2018-10-01,251.12802124023438,260.6202554956683,247.29781432017086,258.16392023971997,19720
2018-10-03,252.66845703125,257.0398834476347,251.71088615446521,252.6268091523876,7327
2018-10-04,246.9647674560547,254.41699301636137,245.6325182073979,252.33536150612917,8901
2018-10-05,241.05291748046875,249.9623100869679,240.4700505209633,246.92310789738343,12429
2018-10-08,232.8096466064453,244.63329698832564,228.97943998280712,240.76146790345123,7020
2018-10-09,224.7745819091797,229.0627377623801,223.98355176660536,229.0627377623801,12726
2018-10-10,240.3035430908203,247.96393168954157,223.9835472083977,224.77457733487407,21668
2018-10-11,240.1786651611328,245.63252981137185,218.15499257823535,233.1427401599462,23492
2018-10-12,247.83901977539062,253.50107220979032,238.97127543793727,240.92801396004202,27593
2018-10-15,245.42433166503906,253.8341272469496,241.4692321725575,250.25370614427482,7789
2018-10-16,245.2161865234375,252.75168226087538,244.79986023052845,247.75576674596664,15987
2018-10-17,247.9223175048828,257.7059857859319,246.132119454714,247.38109838420962,12007
2018-10-19,249.17127990722656,250.794962572091,241.46924368620117,246.5067815368181,3327
2018-10-22,249.2961883544922,253.0847730067506,241.55252918350368,249.42108116488725,12925
2018-10-23,248.42190551757812,253.6676066747746,242.55168950681588,248.21374236990303,10567
2018-10-24,254.50027465820312,258.1223187289271,244.79987647195023,250.79498565180663,4612
2018-10-25,246.50677490234375,251.66923082711557,246.21536684106613,249.83738507044453,4449
2018-10-26,260.24554443359375,269.9875894363773,245.67412480325729,248.92149007787796,12292
2018-10-29,261.66107177734375,266.4488240851233,253.95903545613317,258.0806758679159,6013
2018-10-30,261.4529113769531,267.2814794649744,260.8700444039349,264.2423026154714,2821
2018-10-31,262.1190185546875,268.8635094456364,254.79168611176763,258.28883706575294,15938
2018-11-01,262.2855529785156,266.4904381874476,258.9133203187218,259.78759533110116,13181
2018-11-02,255.99905395507812,264.9084215956042,254.0839377143838,262.32719343412805,7370
2018-11-05,261.0365905761719,262.2855694784502,255.62434866629908,258.49701030575557,1810
2018-11-06,261.7443542480469,263.992501059136,260.4121049837675,263.1182259788026,7004
2018-11-07,266.4488220214844,269.737809832528,262.70188546180725,266.2406588792801,4587
2018-11-09,260.07904052734375,271.2365801065648,258.1223018665697,270.1957643732319,19818
2018-11-12,259.2047424316406,268.8635176072661,258.16392668880474,260.82842515468093,5472
2018-11-13,252.12716674804688,259.204712995584,250.67002487355396,259.204712995584,4858
2018-11-14,250.8365936279297,257.24802875790544,249.79577788673495,251.46108307264652,6545
2018-11-15,237.05621337890625,251.25293052347237,233.80884780095664,251.08638983363952,14076
2018-11-16,233.89208984375,238.971275342546,233.14270765126437,237.0978071560626,12716
2018-11-19,238.18026733398438,240.7614954898364,235.22436075246182,236.18190616545218,8167
2018-11-20,234.9329376220703,237.51416589178444,233.2260098719027,236.8896764109121,4924
2018-11-21,232.8096466064453,234.80800754600583,229.1876031100642,233.80881437095658,6971
2018-11-22,233.97537231445312,235.64067745548127,231.5606849420703,235.05781049190546,5212
2018-11-26,230.39498901367188,234.1002779085834,229.89539236195873,234.01700756487432,6129
2018-11-27,223.77537536621094,232.68476791710006,220.65292826807774,232.68476791710006,9773
2018-11-28,225.0659637451172,235.807201474326,222.69292441523615,225.9402641287127,17783
2018-11-29,224.73292541503906,227.14761280585336,223.15089060109455,227.14761280585336,5621
2018-11-30,225.52395629882812,227.81375089305365,221.5688565451659,221.5688565451659,7635
2018-12-03,220.27822875976562,226.73128622210112,219.07089777120106,221.73537076738975,16254
2018-12-04,217.53048706054688,223.06762164907093,215.40723314053562,222.40150974764708,13780
2018-12-05,205.8317108154297,216.53128861553162,201.95988148367172,216.53128861553162,31155
2018-12-06,208.37130737304688,211.07742824802153,203.99988134424171,207.83008828015997,28318
2018-12-07,210.3280487060547,212.32640983415038,208.16314689622587,210.45294151208435,18157
2018-12-10,205.8317108154297,209.03742826170614,200.54437466911878,204.04151288897594,3817
2018-12-11,217.07254028320312,220.6529362544363,204.54110356280617,207.7884562855619,16762
2018-12-12,226.56475830078125,233.6006569269233,217.98842200281408,219.11250799945765,28132
2018-12-13,226.19004821777344,233.10107926527056,221.1108628480558,233.10107926527056,11776
2018-12-14,226.23171997070312,227.73048447579743,223.98354780252106,226.56477592621957,3911
2018-12-17,223.40066528320312,230.39496691524326,221.56884495000975,228.3133355748834,5388
2018-12-18,220.65292358398438,222.44312146680326,214.65781511861903,222.44312146680326,8189
2018-12-19,220.19497680664062,223.02599039189616,218.9876204460494,220.65292554449843,26230
2018-12-20,218.61293029785156,220.6529393351666,217.3639513959544,218.98763413263703,2558
2018-12-21,220.31988525390625,220.65294121514165,218.1549833900646,218.6545800371882,4956
2018-12-24,218.4464111328125,226.48150350978312,217.36394752412534,221.56885833193635,6173
2018-12-26,215.9900665283203,220.27822208150045,215.7402809273736,220.15332928102708,8162
2018-12-27,214.90762329101562,218.98761561000686,213.6586444947608,218.11334061684397,3976
2018-12-28,215.8235626220703,216.531296998843,214.82436934462328,215.3239659833468,3735
2018-12-31,215.74029541015625,217.03089678591854,213.8251791690246,215.65702506740428,8497
2019-01-01,219.90354919433594,220.65293142650665,215.11579690866645,215.86517914083717,10227
2019-01-02,218.36314392089844,222.56802937841917,216.90600187376182,220.7778313740452,2898
2019-01-03,215.74029541015625,220.5696703632794,215.65702506740428,220.5696703632794,5265
2019-01-04,214.4496612548828,217.69702663683648,213.70027901694738,215.78191046151252,4057
2019-01-07,215.6154022216797,218.07171216002212,214.4913161228595,214.4913161228595,3353
2019-01-08,213.95010375976562,219.8202946457479,213.78356306930218,219.8202946457479,4971
2019-01-09,216.8643798828125,219.69539364133874,213.99171824795246,216.57294639063903,3037
2019-01-10,214.36642456054688,217.23906081807672,213.99172072191465,214.82437333172754,29261
2019-01-11,215.490478515625,217.9468138019645,213.82517334808372,216.11496795345298,2176
2019-01-14,217.07254028320312,217.73865219069847,214.07498587839328,217.23905555480675,4361
2019-01-15,218.6545867919922,219.9035657431149,214.8243795931075,218.1966125969221,2061
2019-01-16,218.19659423828125,221.06925574838002,214.8243615181998,219.73700656383363,4326
2019-01-17,218.6545867919922,218.98764276351656,216.57295520678767,218.1133676619474,2256
2019-01-18,218.27987670898438,220.61131926415916,216.53130114523856,219.3206924718639,1813
2019-01-21,216.5729522705078,219.02926226142162,215.65702930332748,215.9900852703363,6554
2019-01-22,207.12232971191406,214.15825419197205,201.46028961491626,213.99171351140467,25854
2019-01-23,204.58273315429688,212.15987659549188,203.87498609556604,208.37130487489438,10362
2019-01-24,211.701904296875,220.52802613629586,204.87415613887526,206.3729332236238,9303
2019-01-25,214.11660766601562,218.11335532995992,206.4978415770355,211.7019202458116,9426
2019-01-28,205.08233642578125,214.78274676821698,204.91580844804952,208.28804128924597,6739
2019-01-29,203.12559509277344,208.74600002832716,199.8366199307997,203.1672302629797,6329
2019-01-30,199.08724975585938,206.41458276658625,196.25622317874138,199.8366320439157,4923
2019-01-31,201.4602813720703,203.91660384669615,196.63089405442568,198.46273982355507,4305
2019-02-01,199.9615020751953,203.0839490951407,196.6308919205869,203.0839490951407,5644
2019-02-04,194.67416381835938,202.33456454399163,188.34599951594575,199.91987729203527,5119
2019-02-05,187.9296875,194.84070655563426,186.09785433839426,191.51009618716185,10116
2019-02-06,188.13784790039062,191.26029507523202,178.43745042599133,189.96968103524355,20656
2019-02-07,200.4611053466797,203.16722618728906,189.6782571536132,193.1753953911929,46510
2019-02-08,192.63418579101562,202.45947639345195,188.4292875828771,201.08560467344344,108394
2019-02-11,189.30355834960938,193.1753875437008,186.84722321447182,189.01212488112105,5140
2019-02-12,191.42681884765625,194.0913172092416,185.63988608504835,188.6790755583348,4152
2019-02-14,194.7158203125,196.54765353585407,191.51010264267734,191.51010264267734,8248
2019-02-15,184.6407012939453,196.67252799166258,183.22519451279084,193.17538985431932,10032
2019-02-18,179.35336303710938,184.64071207259272,179.02030708278437,184.64071207259272,5540
2019-02-19,185.3068389892578,188.09621758088542,179.22847245776612,181.14357598210876,10505
2019-02-20,183.97457885742188,187.30518906603876,182.85050553517547,186.30600854450765,4821
2019-02-21,185.72317504882812,187.3468451658782,167.57134484281326,184.01623458515147,23351
2019-02-22,192.63418579101562,196.54765050447574,182.64235450289422,186.47254887351178,10441
2019-02-25,190.55255126953125,196.50601223610164,189.3451948436949,196.17295628052145,5319
2019-02-26,186.8472442626953,189.96969161137184,183.18357778902316,187.3468409205919,6598
2019-02-27,185.0986785888672,189.84479594647496,184.0578628216168,184.0578628216168,6579
2019-02-28,187.9296875,189.84479100292566,184.43254915415807,186.84723658919242,3906
2019-03-01,191.4684600830078,195.67335819375748,187.430102654086,189.63662693033305,12251
2019-03-05,204.83253479003906,209.82845027272293,191.42682316272928,191.42682316272928,18919
2019-03-06,210.70274353027344,223.23416773458678,206.4562101768947,206.91417164916425,45254
2019-03-07,217.4055938720703,220.48639317389964,208.41294346073062,208.41294346073062,7355
2019-03-08,215.1157989501953,216.48967062397017,212.2847725573352,213.9917128860013,3940
2019-03-11,211.53538513183594,215.65701275738058,209.16232025683794,215.0741458019286,9460
2019-03-12,210.95252990722656,213.8668138499458,204.83252854540834,210.66109643084678,16848
2019-03-13,207.24722290039062,212.2431384001696,206.62273346291823,211.49375615731083,6798
2019-03-14,203.12559509277344,209.20396149005595,201.1272339755735,209.20396149005595,6409
2019-03-15,208.2880401611328,212.15988232509474,201.33539866264368,204.4994810434911,27701
2019-03-18,208.3296661376953,209.7868081048728,204.83252795752324,208.99579072088753,5600
2019-03-19,207.41375732421875,208.99579210264883,205.2072204218855,208.3713026840154,6413
2019-03-20,203.4170379638672,210.36967972990035,201.54356956558092,209.45376946945618,6534
2019-03-22,202.5010986328125,216.48966408390328,199.21212358489944,204.79089315677686,61526
2019-03-25,200.62762451171875,202.7925261712791,196.4643618627714,196.4643618627714,4189
2019-03-26,199.1704864501953,204.16640172589555,197.29701822180772,202.62600213904972,83342
2019-03-27,198.75416564941406,203.9998793743807,194.42437483231794,196.50600625450548,48505
2019-03-28,198.00477600097656,200.62762641255574,196.75579719445895,199.54517557251992,15207
2019-04-01,195.34030151367188,201.5435607305682,194.00805229562818,197.87988173358306,54201
2019-04-02,194.2994842529297,197.3802962519744,192.30111044159548,196.63090130824781,10928
2019-04-03,193.42520141601562,195.8398888725962,192.00969453783839,195.63172572270923,8954
2019-04-04,191.21864318847656,193.79987104279758,190.6774241409265,193.38354478921477,3270
2019-04-05,193.30027770996094,196.50599499861377,192.30109722559808,192.71742348618838,11125
2019-04-08,191.34356689453125,195.67335780272907,185.6398915956202,193.3002928493964,19266
2019-04-09,191.80152893066406,192.42601837232422,187.80479396298503,188.22112025742513,3586
2019-04-10,191.92642211914062,193.7998904478524,191.59336616503327,193.71662010669044,4726
2019-04-11,190.55255126953125,193.05050905219358,189.01213888811472,190.26111777944587,3808
2019-04-12,192.50927734375,193.17540196053002,189.17866696512016,191.6349895783056,4205
2019-04-15,189.7198944091797,194.42437637863173,189.0537698077278,194.42437637863173,7637
2019-04-16,192.8007049560547,195.75662411802534,189.01213322481175,191.1770349870277,6553
2019-04-18,187.9296875,192.80071024599897,187.3468332265714,192.80071024599897,4829
2019-04-22,183.59988403320312,188.3043657755289,182.35090523025616,188.1378378095232,7482
2019-04-23,185.22357177734375,186.80561936995971,183.43337373612292,185.39009975939,2957
2019-04-24,187.76315307617188,193.1337595698909,183.30845677917472,186.88886534341069,7564
2019-04-25,185.72317504882812,189.80316792810993,184.18276257313357,184.22439774644687,4828
2019-04-26,186.76397705078125,189.51173311783663,184.68234559168934,187.59662963441804,3863
2019-04-30,181.8096923828125,186.93050056793302,180.64397117036282,186.93050056793302,6347
2019-05-02,170.73541259765625,181.39336807079758,169.6945968816321,181.18520492759276,30317
2019-05-03,159.86929321289062,171.5680643458254,157.4546058454289,171.52642917633057,88095
2019-05-06,147.87911987304688,162.78359764430425,145.71421784017005,158.20400794075604,41045
2019-05-07,154.54031372070312,176.52233529839563,149.04480197364538,149.04480197364538,225987
2019-05-08,149.75257873535156,157.95419941624502,147.96236797983178,157.95419941624502,43332
2019-05-09,149.87745666503906,154.04071935017905,148.71174819530765,149.41949522861978,40742
2019-05-10,148.46194458007812,153.58275241743212,148.21214628685547,149.04479879408498,25650
2019-05-13,143.59092712402344,149.9190914723219,142.92480255494948,146.13051989690385,20353
2019-05-14,140.3019561767578,144.96481558877576,136.63828999965068,143.59093124340825,38474
2019-05-15,143.92401123046875,148.8782918053113,141.3844181846272,145.63093894651908,17687
2019-05-16,144.04888916015625,147.12970101154502,141.8007298472655,142.4668544191178,10169
2019-05-17,166.32235717773438,172.8586851827222,141.71747025819693,145.42277179444406,150409
2019-05-20,159.45297241210938,173.1917402700718,158.28726385778432,168.1958246853582,37065
2019-05-21,175.7313232421875,186.51417122508371,153.41623235813248,162.74193837833275,676658
2019-05-22,206.2896728515625,210.86926195623897,185.68152188051843,188.51253551766504,969986
2019-05-23,207.4553985595703,216.03173593115844,201.50193731200577,208.16315838017124,219858
2019-05-24,207.5386505126953,212.61783620915605,205.2488559734379,209.49538911016867,71863
2019-05-27,228.06353759765625,228.2717007435852,209.03743368291174,212.2847736772954,186156
2019-05-28,250.67002868652344,250.83656935321386,234.80800848997944,235.64066100235524,214360
2019-05-29,242.0521240234375,268.28068125276485,234.808036148264,258.95496185145424,191718
2019-05-30,242.71820068359375,250.6283993336594,238.221882322506,248.04717153416206,98529
2019-05-31,236.9312744140625,252.29372422146656,235.6406731177394,248.13046144553476,134465
2019-06-03,244.25863647460938,245.63250813290577,238.76312443088383,245.63250813290577,200276
2019-06-04,242.84310913085938,247.00637184666542,241.88556378833178,247.00637184666542,170958
2019-06-06,210.8294219970703,225.1833950746109,209.22003182718248,221.87762892312583,135204
2019-06-07,189.7769317626953,204.0439200984583,189.7769317626953,203.2609680891762,113090
2019-06-10,172.33468627929688,188.34153674872417,169.72487283705127,182.68694095719204,109498
2019-06-11,188.2980194091797,195.21402172273474,162.37387234451012,170.6817803387413,315567
2019-06-12,183.94833374023438,192.21274232738594,182.73042620549066,189.51594327925443,58306
2019-06-13,177.68479919433594,184.64430173315938,175.9449235596301,183.16541009849894,32498
2019-06-14,175.90142822265625,179.20719466253286,173.29161470815336,177.6848034457395,21751
2019-06-17,173.2480926513672,186.16667317933104,172.33466865933028,179.12017229604234,23317
2019-06-18,169.81185913085938,182.25197256200778,168.5504519517375,176.59737675459465,50977
2019-06-19,165.02719116210938,173.98755278539667,163.6352987043443,170.50780172968874,23199
2019-06-20,164.0702667236328,171.33423904971133,157.50223398567917,171.33423904971133,37467
2019-06-21,163.591796875,166.63657900619148,160.112045867924,165.28817283611022,14024
2019-06-24,160.50350952148438,166.15810470787815,159.37258782936638,161.8519156438483,17925
2019-06-25,161.2864532470703,162.6783589542182,160.28603014606793,161.41695187385102,13425
2019-06-26,164.76620483398438,171.29073797061307,161.32995337019926,161.32995337019926,44712
2019-06-27,165.201171875,169.5943601263776,162.46087329772894,162.46087329772894,13730
2019-06-28,165.81015014648438,169.07241689956948,165.2881821563118,166.81057330775153,10107
2019-07-01,165.984130859375,168.76792909685483,163.50480287997433,167.89799131800507,11144
2019-07-02,165.59266662597656,166.15812089000704,163.80929146943805,166.11462134488218,10777
2019-07-03,171.02976989746094,175.72742851847408,164.8532064566873,165.98412820595252,63717
2019-07-04,170.29031372070312,173.94404959780226,169.42037597500348,170.29031372070312,17077
2019-07-05,158.06768798828125,171.94319257481655,156.58879645438475,169.68136236832683,27142
2019-07-08,158.06768798828125,162.59136167545745,153.0220463365784,158.32867197054458,31608
2019-07-09,156.936767578125,159.5030946055702,154.19646892662536,157.5457346332999,18304
2019-07-10,156.50180053710938,159.7205809265232,155.76236139229033,157.0237685122027,11422
2019-07-11,157.63272094726562,159.546581382518,155.97984449731965,156.67579736673787,10829
2019-07-12,158.24166870117188,159.41608995320695,156.24082252984755,157.63271494145593,7846
2019-07-15,157.6762237548828,159.0246299783847,155.71886373585667,156.67580061039277,13162
2019-07-16,157.458740234375,159.5900851683434,156.67580153183877,157.50223977878196,17028
2019-07-17,160.28152465820312,165.309616109804,158.1644377712481,159.31119877672796,16430
2019-07-18,155.4298553466797,161.428286158243,154.41542068109547,161.428286158243,9269
2019-07-19,152.29832458496094,155.69449892574232,150.8428289875464,154.4154249976946,16301
2019-07-22,146.47633361816406,153.66562120038316,145.55010299797294,152.60707768878373,21539
2019-07-23,147.27023315429688,151.59263808958434,145.90294165986808,151.59263808958434,10146
2019-07-24,143.56532287597656,151.54852785388246,141.09537914522798,151.54852785388246,12441
2019-07-25,139.19882202148438,144.9767224740133,137.61100009756728,142.90373087055065,20973
2019-07-26,141.88929748535156,145.02081911987204,136.772988332729,137.74331424056967,13038
2019-07-29,140.3455810546875,146.82916808345627,138.2725894806622,145.02081573634422,14158
2019-07-30,142.94784545898438,144.18281063880144,139.3752493500773,139.41935813366595,23931
2019-07-31,141.2277069091797,143.4330114301843,130.1129667392722,143.3889026477421,23448
2019-08-01,139.24293518066406,140.8748524775703,136.59656971097854,139.63988730909472,20766
2019-08-02,137.96385192871094,139.77220441287608,133.90609949557899,137.6992261418522,16137
2019-08-05,132.67111206054688,138.53723005022033,131.48025571806122,138.53723005022033,18405
2019-08-06,138.05206298828125,149.96070739941095,131.52436699140995,131.52436699140995,38123
2019-08-07,134.52357482910156,143.60943208335152,132.58290955637597,138.05206203773375,15849
2019-08-08,135.5380096435547,139.06649685546745,133.90609238411133,139.06649685546745,13319
2019-08-09,144.5797576904297,148.19646245583655,135.53800923702298,135.53800923702298,31975
2019-08-13,137.30224609375,145.5941986856608,135.84675057873605,141.1394811207647,43092
2019-08-14,134.56768798828125,144.66798025949845,131.03920066487885,144.66798025949845,36743
2019-08-16,132.62701416015625,139.3311315692811,131.5684572628275,131.61256604356788,20836
2019-08-19,131.70079040527344,134.03840784400285,130.9950902573196,132.75933389714882,14236
2019-08-20,129.7160186767578,133.1121796693157,128.92210094828548,131.70079280777213,15917
2019-08-21,123.58526611328125,130.86277076007786,122.35028755169819,128.96620086696785,38119
2019-08-22,118.86591339111328,125.21718770403378,115.11689571458466,123.58527043855236,26946
2019-08-23,124.07042694091797,126.14341857425948,112.95570023351812,118.33663518754254,47857
2019-08-26,126.80500793457031,129.84832543297793,124.82023389733355,126.14341658882472,11259
2019-08-27,126.0551986694336,131.34792942045434,123.80579886833804,126.98142924288429,38223
2019-08-28,129.89244079589844,140.52201164812828,125.17308357308961,125.17308357308961,102904
2019-08-29,131.83309936523438,135.62622576984396,126.31983815507812,131.39203846842187,42764
2019-08-30,131.92132568359375,134.96464338154757,128.87800798563993,134.96464338154757,16901
2019-09-03,123.58526611328125,133.15627929997197,121.02710488864426,131.83309663691801,23098
2019-09-04,122.39440155029297,125.57004546104753,119.30697520488016,123.80580183509737,14852
2019-09-05,123.5411605834961,126.14341719729227,119.30697325827818,122.70314756686484,22584
2019-09-06,128.96620178222656,133.20038902607072,121.29174497407102,121.99744509139674,85779
2019-09-09,130.15707397460938,132.75933058644114,128.83389127773455,130.02474762885564,30017
2019-09-11,134.9205322265625,136.2437149815666,128.78978815373236,128.78978815373236,74562
2019-09-12,131.1273956298828,136.50834380696384,129.84832175634682,136.4201262459848,54884
2019-09-13,134.12661743164062,134.96463041868893,128.4810300439432,130.50991280108275,82503
2019-09-16,131.48025512695312,138.40490308318624,129.67190277044526,133.90609004272676,102515
2019-09-17,127.90766143798828,134.83232297574426,124.42328300807898,132.9798618053568,108448
2019-09-18,127.15785217285156,130.5540264892166,125.2612956855997,125.2612956855997,18123
2019-09-19,123.76168823242188,128.78977967853442,122.2179751198367,126.58447523198416,26443
2019-09-20,130.5540313720703,134.52357962324814,120.05678693633338,125.39361326149476,72691
2019-09-23,134.39126586914062,137.6110051570398,132.36238297288003,134.4353611924484,73606
2019-09-24,135.27337646484375,138.75775470382382,133.28860251680464,138.75775470382382,16821
2019-09-25,130.3776092529297,134.96464007996514,129.09853529059927,134.96464007996514,12395
2019-09-26,139.81629943847656,144.13869069322462,130.55402092677937,130.55402092677937,112300
2019-09-27,138.93418884277344,142.50678496218123,134.7882189153605,139.3752497597346,38720
2019-09-30,131.7889862060547,138.9341778811281,129.67189935571957,138.9341778811281,25438
2019-10-01,128.6133575439453,138.31669707323994,124.37917033004928,138.31669707323994,12738
2019-10-03,122.04155731201172,129.6277967717641,120.8065787068586,129.6277967717641,34969
2019-10-04,121.6886978149414,125.21718496266054,120.49784147865236,122.04155460577948,15542
2019-10-07,125.4377212524414,132.31827420302065,120.93890800560524,124.37917775083942,52276
2019-10-09,128.21641540527344,131.39204596750344,125.52594108913873,127.6430281306254,17931
2019-10-10,126.45216369628906,131.25972474895997,124.64381133883204,128.21640727232318,11817
2019-10-11,128.78977966308594,131.65667544325737,126.45216233406713,129.23084055234307,21727
2019-10-14,126.71678924560547,131.30383330345475,125.83466745911296,131.30383330345475,11328
2019-10-15,126.1875228881836,130.37760132881112,125.26129233033865,130.37760132881112,10258
2019-10-16,126.36394500732422,128.21640612969554,121.73280566150605,126.14341456228526,20564
2019-10-17,127.81944274902344,129.98065191549696,127.02553851733427,127.64302108199367,64050
2019-10-18,127.02554321289062,133.2003960079617,126.27573427515907,127.11376077972172,44947
2019-10-22,125.2171859741211,130.37760385338848,124.64381219202933,130.37760385338848,24589
2019-10-23,124.46739196777344,126.40805724516454,124.07042638775958,126.40805724516454,11748
2019-10-24,124.55559539794922,127.42249124633737,123.71758238044247,127.02553912858264,25968
2019-10-25,126.58448028564453,127.9076630064004,124.37917575105142,124.42328453376541,14440
2019-10-27,129.01031494140625,136.19960232161813,127.819445111749,127.90766267694978,16827
2019-10-29,125.87877655029297,129.6719029335691,125.04076354308448,129.6719029335691,23950
2019-10-30,125.5700454711914,128.34872379824313,125.12898456466824,127.42249320252233,45919
2019-10-31,126.0111083984375,130.33349996763448,125.57004748484145,127.90766494285619,134732
2019-11-01,123.36473846435547,126.58447763335484,122.61492955426007,126.05519917209804,62877
2019-11-04,122.5708236694336,125.74646759180995,122.12976276133192,123.89400639373862,47711
2019-11-05,122.48262023925781,124.02633342612583,121.37996796292353,122.61493312837362,36923
2019-11-06,121.99744415283203,124.7320135787798,115.64617006598324,124.7320135787798,70025
2019-11-07,118.99822235107422,121.11532269225731,104.04626092070741,118.9100182494271,78149
2019-11-08,117.63095092773438,123.27652523232607,116.44008107811837,119.96856838351589,26687
2019-11-11,119.52750396728516,120.85068666803001,114.80814695058432,117.67504280219816,32498
2019-11-13,115.77848815917969,122.17387131463913,115.0286792327712,122.17387131463913,25150
2019-11-14,113.30854034423828,118.16021015116263,111.41198389466649,118.16021015116263,28654
2019-11-15,116.74882507324219,123.71758187691744,110.48575493820968,116.3959682788104,65548
2019-11-18,116.04312896728516,118.95413368673697,114.896367900821,118.82180733669637,10822
2019-11-19,113.79370880126953,116.61649578493792,112.95569580832095,116.52829168363864,10898
2019-11-20,112.60285186767578,115.42564573468925,111.72073004611946,115.42564573468925,18436
2019-11-21,112.82337951660156,115.51384696739017,111.67661848508168,111.67661848508168,14200
2019-11-22,112.47052764892578,114.54351922885203,110.52986241288792,112.8233777091295,9399
2019-11-25,111.9412612915039,114.71994639502722,111.36788075743473,112.91159395605264,14075
2019-11-26,110.39754486083984,113.30854276926242,109.60363389306814,112.11767968263248,21924
2019-11-27,111.10324096679688,112.91159339681491,109.6036365590176,111.76483233435634,31801
2019-11-28,109.86827087402344,112.33820783084869,108.98614909014546,109.82416209280748,14912
2019-11-29,111.58840942382812,115.99901849196362,109.38310488976038,111.10323973431109,36325
2019-12-02,111.4119873046875,115.99901802506332,110.35343709456248,112.11768071471553,46133
2019-12-03,110.79449462890625,113.79371003793254,109.2066794571077,113.79371003793254,126254
2019-12-04,112.47052764892578,113.79371032714843,109.47131223227673,109.47131223227673,12801
2019-12-05,112.38231658935547,113.39675798662117,111.5884056380147,112.0735753110716,7388
2019-12-06,112.6910629272461,115.99901976464079,109.51542570935825,115.99901976464079,12119
2019-12-09,109.73595428466797,115.29331763822272,108.10403028553019,115.29331763822272,16093
2019-12-10,108.05992126464844,111.10323880416132,106.03103841826966,111.10323880416132,14519
2019-12-11,105.5458755493164,110.70628677404783,104.48732534292581,110.70628677404783,18061
2019-12-12,105.06070709228516,106.82495072684932,104.31090489360645,105.41355716520906,11885
2019-12-13,108.41277313232422,110.441649282318,104.53143577443538,104.53143577443538,20665
2019-12-16,108.89793395996094,111.05913641676574,107.70707087113864,109.47131447829916,15664
2019-12-17,107.53064727783203,111.1473452617674,106.82494715557652,108.54508867980363,6906
2019-12-18,108.63330078125,109.69184424694035,107.75117898315631,109.33899418169183,10437
2019-12-19,107.39833068847656,109.33899598425441,106.91316099950443,108.45687417161805,4983
2019-12-20,108.1040267944336,110.26522246268009,107.61885712357576,108.80972018016169,10724
2019-12-23,110.08880615234375,111.8530497975412,109.64774524104438,109.64774524104438,15610
2019-12-24,116.79292297363281,120.67426703741661,109.11846587175926,110.08880525273288,154629
2019-12-26,112.33821105957031,118.02790076714413,111.41198719791083,116.96935728808893,45162
2019-12-27,115.99901580810547,119.08644208436682,111.36787639371342,112.9115895318441,64303
2019-12-30,113.04390716552734,118.20432525667273,111.36788107205173,118.20432525667273,20911
2019-12-31,111.54429626464844,114.67583127218,110.26522237709615,113.7054919312175,23989
2020-01-01,109.7800521850586,113.79370895253835,109.38310007840896,113.79370895253835,20429
2020-01-02,116.79292297363281,121.0712191623201,107.57475269482622,110.2652269237888,102483
2020-01-03,115.16100311279297,119.08644241136783,113.3085419579053,117.27809003828423,58481
2020-01-06,112.29410552978516,117.5868362212744,110.79449446249681,117.5868362212744,43598
2020-01-07,113.70549774169922,116.35186321398184,110.57396930419803,112.02947165996456,18589
2020-01-08,110.88270568847656,113.79371027115609,110.35343396345895,113.22033649491917,25887
2020-01-09,115.29331970214844,118.99822867084178,112.25000210144002,113.79371529340482,39982
2020-01-10,113.83782196044922,116.48418738319452,113.04390425755928,116.3959698183921,20216
2020-01-13,115.02867889404297,118.99822704781131,113.66140085361128,113.83782252397886,58250
2020-01-14,120.49784088134766,122.17386688416211,115.95490562511232,116.1313272896017,255524
2020-01-15,117.85147857666016,121.55638746704064,117.45451299617143,120.80657854846255,34238
2020-01-16,122.04155731201172,124.37917471516745,117.76326116648833,119.43928721477614,160329
2020-01-17,120.8947982788086,124.29095921411846,120.32141101900326,122.17387222743467,69968
2020-01-20,117.49861907958984,122.61492812503042,116.79291895951006,122.61492812503042,28420
2020-01-21,116.79292297363281,119.04233629490025,115.9108011582425,117.3222014469113,34150
2020-01-22,114.23477172851562,118.8659111229149,113.3085411576137,116.79291953375872,24929
2020-01-23,114.10246276855469,116.13133218588837,113.44087140374307,116.04312807997995,22281
2020-01-24,113.57318115234375,115.11689429422027,112.02946801046724,114.10245961360272,20884
2020-01-27,112.6469497680664,115.20511103234134,112.38231726938825,113.1321194440591,18405
2020-01-28,112.60285186767578,115.11689771310023,111.6325192099749,113.79371498076574,30547
2020-01-29,113.13211822509766,114.2347704495138,111.58840511091503,113.79370955974734,24345
2020-01-30,112.5587387084961,113.79371055667256,111.14734519488948,113.79371055667256,9406
2020-01-31,111.98535919189453,115.5138463721676,110.35343521702927,114.67583335887483,25089
2020-02-03,103.82573699951172,111.45609219710964,101.62043241812825,109.20668556213178,31874
2020-02-04,103.82573699951172,107.53065273426925,103.07593478785245,107.53065273426925,28516
2020-02-05,106.03103637695312,110.17701282450521,103.20824934334523,104.13447991408962,23560
2020-02-06,106.11925506591797,108.05992033085823,104.84017441988692,107.17779853223898,9437
2020-02-07,107.70706939697266,108.94204125109324,106.60441715758911,108.28044990746312,6805
2020-02-10,107.97171020507812,109.47131458054307,106.07514697959817,107.61886013730542,13408
2020-02-11,108.50098419189453,110.17701700103244,107.6188623691962,107.97171244428661,18144
2020-02-12,107.53064727783203,110.48575392092354,106.73673632280837,109.29489085341564,19073
2020-02-13,112.29410552978516,120.40962323137994,106.295674720742,108.94204006648661,23799
2020-02-14,111.2796630859375,126.14341362512477,106.7367346058748,114.58761300689098,478588
2020-02-17,106.692626953125,116.44007534650194,106.29567484282943,112.02946643186172,72361
2020-02-18,104.70785522460938,109.38310346809017,103.03182918454574,107.35422063109543,39034
2020-02-19,103.03182983398438,106.6926299519876,102.37023847819266,106.6926299519876,32802
2020-02-20,102.41433715820312,104.31090032836626,101.8850654370089,103.38466976873505,41667
2020-02-24,104.13448333740234,111.94126008297631,103.42878319077364,103.42878319077364,151561
2020-02-25,103.6052017211914,106.73673677308498,102.32612781551948,105.94282581471215,48483
2020-02-26,102.94361114501953,107.17779846787109,102.41433941217689,104.8842831388495,47522
2020-02-27,106.51620483398438,107.61885705793867,103.29645899402684,105.4135526100301,47839
2020-02-28,108.54508972167969,113.57318126833333,106.73673734732685,111.14734632862135,340130
2020-03-02,111.89714813232422,118.64538119697353,109.1625719191485,118.64538119697353,1208813
2020-03-03,117.76325988769531,118.99822501932734,112.99980756841697,116.39596841046028,556929
2020-03-04,115.82259368896484,119.08644161909578,113.44086754860498,118.2484286108353,284559
2020-03-05,117.807373046875,119.04233822439404,115.82259893007667,117.32220334852434,208745
2020-03-06,114.23477172851562,115.5579544126297,112.11767808792206,114.23477172851562,282018
2020-03-09,112.25,116.8811394891945,110.26522593320236,114.76405253532126,547674
2020-03-11,102.1500015258789,111.75,100.0,111.75,346174
2020-03-12,82.4000015258789,96.80000305175781,81.75,91.25,295550
2020-03-13,68.94999694824219,76.75,65.94999694824219,66.25,370100
2020-03-16,71.55000305175781,75.75,62.150001525878906,67.5,209158
2020-03-17,68.25,72.0999984741211,66.5999984741211,72.0999984741211,99706
2020-03-18,63.79999923706055,71.19999694824219,62.400001525878906,71.0,94010
2020-03-19,68.3499984741211,69.0,58.099998474121094,58.099998474121094,129799
2020-03-20,74.3499984741211,75.1500015258789,69.94999694824219,69.94999694824219,118071
2020-03-23,69.30000305175781,72.75,67.05000305175781,70.0,61379
2020-03-24,69.9000015258789,74.0,66.5,74.0,34475
2020-03-25,70.9000015258789,74.69999694824219,68.0,68.5,114112
2020-03-26,70.3499984741211,73.9000015258789,68.6500015258789,73.9000015258789,109292
2020-03-27,70.30000305175781,73.6500015258789,69.0,73.30000305175781,69770
2020-03-30,71.4000015258789,72.0,70.0999984741211,70.0999984741211,62942
2020-03-31,76.9000015258789,77.30000305175781,72.0,72.0,79151
2020-04-01,79.0,84.0,77.3499984741211,81.5,142829
2020-04-03,80.5999984741211,81.94999694824219,77.0,79.80000305175781,75685
2020-04-07,77.55000305175781,83.0,76.0999984741211,83.0,135392
2020-04-08,74.5,79.5,74.0,79.5,128036
2020-04-09,73.44999694824219,76.44999694824219,72.9000015258789,76.44999694824219,107109
2020-04-13,73.05000305175781,75.0,71.0,73.44999694824219,85539
2020-04-15,73.5,74.5999984741211,72.0,73.0,94025
2020-04-16,74.19999694824219,74.8499984741211,72.05000305175781,73.5,66854
2020-04-17,78.4000015258789,82.0,73.30000305175781,76.4000015258789,1073794
2020-04-20,76.80000305175781,82.0,76.0,80.0,315747
2020-04-21,74.25,76.6500015258789,72.0,76.5,127347
2020-04-22,72.80000305175781,73.9000015258789,72.0999984741211,72.8499984741211,98292
2020-04-23,72.25,73.9000015258789,72.0,73.9000015258789,149680
2020-04-24,72.0999984741211,73.9000015258789,72.0,73.9000015258789,60823
2020-04-27,71.25,73.0,71.0,72.05000305175781,52255
2020-04-28,70.94999694824219,72.9000015258789,70.55000305175781,72.9000015258789,60639
2020-04-29,71.19999694824219,72.8499984741211,70.4000015258789,72.4000015258789,83346
2020-04-30,71.4000015258789,73.0,70.5,72.80000305175781,86661
2020-05-04,69.3499984741211,70.94999694824219,68.5,70.94999694824219,68447
2020-05-05,69.3499984741211,71.0,69.0,70.5999984741211,33818
2020-05-06,67.80000305175781,70.44999694824219,67.5,69.19999694824219,108090
2020-05-07,67.44999694824219,72.25,66.6500015258789,69.0,140206
2020-05-08,68.0999984741211,69.5,67.44999694824219,69.5,32724
2020-05-11,67.75,69.0,66.5999984741211,68.0999984741211,59842
2020-05-12,66.30000305175781,68.80000305175781,65.0,68.0,48513
2020-05-13,68.9000015258789,73.0,66.80000305175781,69.9000015258789,92759
2020-05-14,68.6500015258789,69.5,67.19999694824219,69.0,38177
2020-05-15,68.69999694824219,69.94999694824219,68.0999984741211,69.94999694824219,19349
2020-05-18,65.5,69.44999694824219,65.0999984741211,68.69999694824219,49903
2020-05-19,65.6500015258789,68.75,65.0,67.8499984741211,63364
2020-05-20,64.94999694824219,66.94999694824219,64.0999984741211,65.69999694824219,37721
2020-05-21,65.9000015258789,66.25,64.5,66.25,46187
2020-05-22,65.9000015258789,68.5,63.900001525878906,66.0,45085
2020-05-26,64.94999694824219,68.5999984741211,64.0999984741211,65.3499984741211,53823
2020-05-27,65.9000015258789,67.25,64.05000305175781,65.94999694824219,48868
2020-05-28,65.69999694824219,67.9000015258789,65.0,66.05000305175781,59995
2020-05-29,66.0,68.80000305175781,65.5,67.0,154754
2020-06-01,67.0,68.4000015258789,66.0,67.9000015258789,221568
2020-06-02,67.44999694824219,67.9000015258789,66.6500015258789,67.9000015258789,164658
2020-06-03,69.55000305175781,73.44999694824219,66.69999694824219,67.94999694824219,620142
2020-06-04,74.9000015258789,78.30000305175781,67.6500015258789,70.94999694824219,1458541
2020-06-05,87.55000305175781,89.8499984741211,75.0999984741211,78.69999694824219,2200988
2020-06-08,94.0,104.0,90.55000305175781,92.5,1694577
2020-06-09,88.1500015258789,94.0,84.0,94.0,733254
2020-06-10,83.69999694824219,93.19999694824219,82.5,88.0,429030
2020-06-11,81.80000305175781,87.0,81.0,83.5999984741211,357768
2020-06-12,80.30000305175781,80.9000015258789,75.75,78.0,282765
2020-06-15,78.8499984741211,83.0,78.0,80.0,144992
2020-06-16,77.25,82.5,75.0999984741211,80.1500015258789,169082
2020-06-17,76.8499984741211,79.5,76.1500015258789,77.5,163184
2020-06-18,79.75,82.5999984741211,76.1500015258789,77.94999694824219,365205
2020-06-19,80.69999694824219,82.5,79.9000015258789,79.9000015258789,228904
2020-06-22,81.44999694824219,82.5,80.0,81.0,349152
2020-06-23,80.9000015258789,82.94999694824219,80.0,82.0,354600
2020-06-24,79.69999694824219,85.5,79.19999694824219,81.80000305175781,579081
2020-06-25,79.4000015258789,81.1500015258789,77.75,78.0,161145
2020-06-26,78.55000305175781,81.3499984741211,78.0,81.0,172040
2020-06-29,76.69999694824219,80.0,76.0999984741211,79.0,137432
2020-06-30,75.0999984741211,77.94999694824219,74.5,76.69999694824219,116653
2020-07-01,73.8499984741211,75.80000305175781,73.0,75.80000305175781,114204
2020-07-02,72.8499984741211,74.9000015258789,72.1500015258789,73.94999694824219,177308
2020-07-03,73.19999694824219,74.0,72.0,73.05000305175781,140272
2020-07-06,78.5,80.05000305175781,73.0,73.19999694824219,525564
2020-07-07,76.44999694824219,79.25,76.19999694824219,78.8499984741211,178104
2020-07-08,77.55000305175781,79.75,77.0,79.0,226985
2020-07-09,76.69999694824219,78.4000015258789,76.4000015258789,77.5999984741211,84646
2020-07-10,75.19999694824219,77.5,75.05000305175781,77.5,89586
2020-07-13,74.05000305175781,76.69999694824219,73.5999984741211,75.25,96773
2020-07-14,72.80000305175781,74.05000305175781,72.5,74.05000305175781,80017
2020-07-15,71.80000305175781,73.44999694824219,71.6500015258789,73.05000305175781,79358
2020-07-16,70.80000305175781,72.44999694824219,69.19999694824219,72.3499984741211,89128
2020-07-17,72.55000305175781,74.25,69.75,70.30000305175781,142709
2020-07-20,72.4000015258789,74.0,71.6500015258789,72.1500015258789,79748
2020-07-21,73.05000305175781,75.80000305175781,71.8499984741211,73.0,134496
2020-07-22,74.0999984741211,77.9000015258789,71.0,73.05000305175781,471091
2020-07-23,74.69999694824219,76.80000305175781,73.0,74.30000305175781,186664
2020-07-24,72.3499984741211,75.0999984741211,72.05000305175781,73.6500015258789,186879
2020-07-27,74.5999984741211,79.8499984741211,73.94999694824219,74.6500015258789,1469796
2020-07-28,73.30000305175781,76.0,73.0,75.5,222224
2020-07-29,72.6500015258789,75.25,72.19999694824219,74.25,329628
2020-07-30,69.19999694824219,72.9000015258789,68.80000305175781,71.8499984741211,358021
2020-07-31,67.0999984741211,70.0,66.80000305175781,69.94999694824219,288077
2020-08-03,67.80000305175781,68.1500015258789,65.0,66.80000305175781,163820
2020-08-04,67.30000305175781,68.8499984741211,66.0,68.8499984741211,248154
2020-08-05,70.30000305175781,71.8499984741211,67.5999984741211,68.25,375270
2020-08-06,71.3499984741211,72.3499984741211,70.8499984741211,71.0,170524
2020-08-07,71.44999694824219,73.69999694824219,68.05000305175781,71.5,455071
2020-08-10,70.5,71.0,69.05000305175781,69.05000305175781,207869
2020-08-11,76.1500015258789,77.0999984741211,69.4000015258789,70.5,791721
2020-08-12,77.4000015258789,80.5,74.69999694824219,76.5,1122609
2020-08-13,80.5999984741211,82.30000305175781,79.1500015258789,80.4000015258789,773097
2020-08-14,75.4000015258789,81.8499984741211,74.69999694824219,81.25,440887
2020-08-17,74.44999694824219,77.30000305175781,73.6500015258789,77.30000305175781,209033
2020-08-18,74.94999694824219,76.25,73.75,75.75,267243
2020-08-19,78.0,79.75,75.05000305175781,75.9000015258789,463732
2020-08-20,80.19999694824219,81.30000305175781,76.0999984741211,77.0999984741211,517379
2020-08-21,78.5,81.44999694824219,78.05000305175781,81.19999694824219,304989
2020-08-24,79.1500015258789,80.5,79.0,80.4000015258789,250001
2020-08-25,77.8499984741211,79.5999984741211,77.5999984741211,79.5999984741211,191130
2020-08-26,84.75,89.9000015258789,77.44999694824219,78.75,2276013
2020-08-27,88.1500015258789,89.0,85.5,86.5999984741211,1133358
2020-08-28,87.05000305175781,89.69999694824219,86.5,88.1500015258789,465493
2020-08-31,79.4000015258789,85.0,78.0999984741211,85.0,564755
2020-09-01,80.3499984741211,81.44999694824219,77.3499984741211,79.4000015258789,168852
2020-09-02,79.19999694824219,81.5,78.25,80.5,135946
2020-09-03,80.3499984741211,82.0,79.25,80.1500015258789,123035
2020-09-04,79.9000015258789,82.0,76.5,78.0,159720
2020-09-07,80.0,81.5,79.25,81.0,80679
2020-09-08,80.0999984741211,82.4000015258789,79.55000305175781,80.0,208130
2020-09-09,78.5,79.8499984741211,77.0,79.5,141022
2020-09-10,78.30000305175781,80.30000305175781,78.0999984741211,78.80000305175781,89191
2020-09-11,77.19999694824219,79.55000305175781,76.9000015258789,79.55000305175781,102963
2020-09-14,77.75,79.0,76.69999694824219,78.3499984741211,168693
2020-09-15,77.30000305175781,79.25,76.94999694824219,77.75,158172
2020-09-16,77.94999694824219,78.5999984741211,77.6500015258789,77.94999694824219,116973
2020-09-17,77.6500015258789,79.1500015258789,76.5,77.80000305175781,108127
2020-09-18,76.80000305175781,78.44999694824219,76.44999694824219,77.5,84051
2020-09-21,72.0,77.5,71.0999984741211,77.5,154509
2020-09-22,72.69999694824219,74.69999694824219,70.05000305175781,70.69999694824219,134061
2020-09-23,72.30000305175781,74.3499984741211,71.1500015258789,74.3499984741211,62819
2020-09-24,70.80000305175781,72.30000305175781,70.1500015258789,72.30000305175781,58283
2020-09-25,72.80000305175781,73.19999694824219,70.30000305175781,70.30000305175781,56875
2020-09-28,75.69999694824219,76.55000305175781,74.55000305175781,75.44999694824219,179141
2020-09-29,75.0999984741211,76.5,74.75,76.5,63301
2020-09-30,75.05000305175781,76.94999694824219,74.30000305175781,74.30000305175781,105376
2020-10-01,80.4000015258789,83.69999694824219,78.30000305175781,81.9000015258789,694725
2020-10-05,78.25,81.69999694824219,78.0,81.69999694824219,122018
2020-10-06,76.75,78.69999694824219,76.30000305175781,78.69999694824219,128145
2020-10-07,76.69999694824219,79.5,76.0999984741211,76.0999984741211,122316
2020-10-08,76.5999984741211,77.9000015258789,76.4000015258789,77.0999984741211,58423
2020-10-09,75.9000015258789,77.6500015258789,75.0999984741211,76.8499984741211,92034
2020-10-12,74.80000305175781,76.94999694824219,74.5,76.9000015258789,52875
2020-10-13,74.80000305175781,75.55000305175781,74.0999984741211,75.19999694824219,47955
2020-10-14,75.80000305175781,76.44999694824219,74.30000305175781,75.44999694824219,56362
2020-10-15,75.4000015258789,77.5999984741211,74.25,76.5,107251
2020-10-16,74.44999694824219,75.9000015258789,74.30000305175781,75.69999694824219,48591
2020-10-19,74.5999984741211,76.05000305175781,74.3499984741211,74.5,62612
2020-10-20,73.5,75.6500015258789,72.30000305175781,74.4000015258789,77080
2020-10-21,73.0999984741211,74.80000305175781,72.5,74.80000305175781,62422
2020-10-22,73.19999694824219,74.19999694824219,68.80000305175781,73.30000305175781,90796
2020-10-23,72.8499984741211,73.8499984741211,72.5,73.8499984741211,60307
2020-10-26,71.9000015258789,73.0,71.05000305175781,72.9000015258789,72166
2020-10-27,71.69999694824219,72.3499984741211,71.19999694824219,71.9000015258789,40689
2020-10-28,71.0999984741211,72.19999694824219,71.0,71.69999694824219,66373
2020-10-29,72.05000305175781,72.69999694824219,70.1500015258789,70.9000015258789,52864
2020-10-30,71.1500015258789,72.30000305175781,70.5,72.30000305175781,42744
2020-11-02,70.75,71.9000015258789,70.4000015258789,71.9000015258789,40265
2020-11-03,70.94999694824219,73.69999694824219,70.6500015258789,71.75,89990
2020-11-04,71.75,76.0,71.5,75.0,164476
2020-11-05,75.1500015258789,76.1500015258789,72.55000305175781,73.80000305175781,220066
2020-11-06,73.69999694824219,74.94999694824219,73.5,74.94999694824219,51643
2020-11-09,73.55000305175781,74.9000015258789,73.0999984741211,74.8499984741211,49759
2020-11-10,74.19999694824219,76.8499984741211,73.55000305175781,74.4000015258789,196456
2020-11-11,73.1500015258789,74.30000305175781,72.80000305175781,74.0,60410
2020-11-12,73.8499984741211,74.5,73.05000305175781,73.3499984741211,47741
2020-11-13,75.9000015258789,77.69999694824219,73.0,73.8499984741211,256780
2020-11-14,75.80000305175781,76.9000015258789,73.0,76.9000015258789,47958
2020-11-17,76.0999984741211,77.0999984741211,75.5999984741211,76.19999694824219,102650
2020-11-18,76.19999694824219,76.80000305175781,75.0,76.0999984741211,114771
2020-11-19,76.44999694824219,77.80000305175781,75.0999984741211,75.0999984741211,116667
2020-11-20,75.19999694824219,77.0,75.0,76.05000305175781,76943
2020-11-23,75.5,76.0,74.0,74.44999694824219,75723
2020-11-24,75.44999694824219,76.5999984741211,74.25,76.5999984741211,88209
2020-11-25,77.30000305175781,78.30000305175781,75.05000305175781,75.05000305175781,291492
2020-11-26,77.0999984741211,77.94999694824219,76.30000305175781,77.30000305175781,58432
2020-11-27,77.6500015258789,78.94999694824219,76.5999984741211,77.6500015258789,145654
2020-12-01,79.75,81.69999694824219,77.5,77.5,213864
2020-12-02,80.0999984741211,81.69999694824219,79.4000015258789,80.4000015258789,291613
2020-12-03,79.55000305175781,81.30000305175781,79.1500015258789,81.0,241882
2020-12-04,82.19999694824219,84.9000015258789,79.19999694824219,80.9000015258789,417443
2020-12-07,80.0,84.8499984741211,79.55000305175781,82.75,1133540
2020-12-08,79.8499984741211,82.30000305175781,79.0999984741211,80.9000015258789,375794
2020-12-09,81.44999694824219,83.94999694824219,80.5,81.4000015258789,616165
2020-12-10,80.1500015258789,82.5,80.0,81.69999694824219,309107
2020-12-11,80.44999694824219,82.94999694824219,79.5999984741211,80.25,657574
2020-12-14,82.94999694824219,84.69999694824219,80.55000305175781,81.3499984741211,631292
2020-12-15,82.44999694824219,83.5,81.4000015258789,83.5,244344
2020-12-16,89.30000305175781,92.75,81.8499984741211,81.8499984741211,2928243
2020-12-17,89.19999694824219,93.44999694824219,87.6500015258789,89.75,1050771
2020-12-18,87.19999694824219,90.5,85.19999694824219,89.30000305175781,412248
2020-12-21,79.5999984741211,88.9000015258789,78.05000305175781,88.19999694824219,445243
2020-12-22,80.5,82.30000305175781,76.8499984741211,81.0,433350
2020-12-23,84.19999694824219,86.3499984741211,80.25,80.25,364402
2020-12-24,86.8499984741211,87.94999694824219,83.69999694824219,84.25,534631
2020-12-28,91.94999694824219,94.75,87.05000305175781,88.5,1381322
2020-12-29,90.0,93.9000015258789,87.44999694824219,92.5,512970
2020-12-30,89.5,91.05000305175781,87.5999984741211,90.30000305175781,274247
2020-12-31,88.6500015258789,90.9000015258789,88.0999984741211,88.55000305175781,250829
2021-01-01,90.30000305175781,92.8499984741211,87.6500015258789,88.6500015258789,509466
2021-01-04,94.5,96.0,90.25,91.8499984741211,1475735
2021-01-05,92.30000305175781,94.44999694824219,92.0999984741211,93.8499984741211,427921
2021-01-06,90.30000305175781,93.75,89.30000305175781,93.3499984741211,336620
2021-01-07,91.55000305175781,93.94999694824219,89.5,90.69999694824219,608137
2021-01-08,91.25,93.30000305175781,89.0,92.75,519300
2021-01-11,90.19999694824219,92.5,89.9000015258789,91.9000015258789,298238
2021-01-12,90.4000015258789,91.94999694824219,90.05000305175781,90.30000305175781,215735
2021-01-13,91.5,93.4000015258789,88.5,90.8499984741211,468020
2021-01-14,90.5999984741211,92.69999694824219,90.4000015258789,91.5,192203
2021-01-15,88.1500015258789,91.0,87.8499984741211,90.6500015258789,284154
2021-01-18,86.75,90.0,85.75,89.55000305175781,327511
2021-01-19,87.5999984741211,89.55000305175781,87.4000015258789,88.5,185735
2021-01-20,87.0,88.94999694824219,86.5,88.44999694824219,154009
2021-01-21,87.8499984741211,92.4000015258789,86.80000305175781,87.44999694824219,563177
2021-01-22,87.05000305175781,89.44999694824219,86.75,88.5999984741211,152764
2021-01-25,83.55000305175781,88.1500015258789,82.30000305175781,88.1500015258789,201830
2021-01-27,83.44999694824219,84.94999694824219,83.05000305175781,84.0,166797
2021-01-28,83.9000015258789,86.25,83.19999694824219,85.0,191465
2021-01-29,83.25,85.3499984741211,82.0999984741211,84.94999694824219,117224
2021-02-01,85.44999694824219,86.9000015258789,84.44999694824219,85.0,201786
2021-02-02,86.25,87.75,85.25,85.25,174345
2021-02-03,86.4000015258789,87.5999984741211,85.8499984741211,86.75,107237
2021-02-04,86.44999694824219,87.4000015258789,85.44999694824219,85.44999694824219,104446
2021-02-05,85.19999694824219,87.4000015258789,85.05000305175781,86.19999694824219,139102
2021-02-08,84.55000305175781,86.55000305175781,84.0999984741211,85.6500015258789,111746
2021-02-09,84.75,85.69999694824219,84.5999984741211,84.80000305175781,63974
2021-02-10,84.19999694824219,85.9000015258789,84.0,85.19999694824219,61362
2021-02-11,84.8499984741211,85.94999694824219,83.5,84.0,108152
2021-02-12,83.44999694824219,85.30000305175781,82.5,85.25,75263
2021-02-15,84.55000305175781,85.9000015258789,83.25,83.9000015258789,184616
2021-02-16,83.5999984741211,85.25,83.30000305175781,84.0999984741211,72795
2021-02-17,83.25,84.19999694824219,82.80000305175781,83.19999694824219,83904
2021-02-18,83.0,84.80000305175781,82.80000305175781,84.80000305175781,95894
2021-02-19,84.19999694824219,87.5999984741211,83.19999694824219,84.9000015258789,493459
2021-02-22,81.9000015258789,85.4000015258789,81.1500015258789,85.4000015258789,136426
2021-02-23,80.80000305175781,82.75,80.5,81.9000015258789,117152
2021-02-24,81.19999694824219,85.0,76.0,81.94999694824219,58566
2021-02-25,82.94999694824219,84.5,81.25,81.75,161090
2021-02-26,81.0,83.3499984741211,80.5999984741211,82.0999984741211,113404
2021-03-01,81.3499984741211,83.05000305175781,81.0,82.80000305175781,70660
2021-03-02,81.80000305175781,82.4000015258789,81.30000305175781,82.30000305175781,87549
2021-03-03,83.19999694824219,84.69999694824219,81.80000305175781,81.80000305175781,165641
2021-03-04,86.25,87.9000015258789,82.6500015258789,83.0,330141
2021-03-05,86.30000305175781,90.69999694824219,85.0,86.3499984741211,426751
2021-03-08,86.80000305175781,89.0,86.1500015258789,89.0,155940
2021-03-09,84.30000305175781,87.94999694824219,82.80000305175781,87.30000305175781,130495
2021-03-10,84.1500015258789,86.44999694824219,83.5,84.6500015258789,134615
2021-03-12,83.69999694824219,85.80000305175781,82.6500015258789,85.80000305175781,196401
2021-03-15,82.8499984741211,84.5999984741211,82.05000305175781,84.0999984741211,114253
2021-03-16,82.6500015258789,83.69999694824219,82.3499984741211,83.19999694824219,67038
2021-03-17,80.4000015258789,83.5999984741211,80.0,82.80000305175781,106398
2021-03-18,78.05000305175781,83.19999694824219,77.3499984741211,81.0,119619
2021-03-19,77.05000305175781,78.69999694824219,75.0,78.05000305175781,171526
2021-03-22,76.4000015258789,79.30000305175781,76.0,76.3499984741211,159341
2021-03-23,76.0,77.8499984741211,75.9000015258789,77.8499984741211,91955
2021-03-24,75.55000305175781,77.25,75.0999984741211,77.25,67876
2021-03-25,73.0999984741211,76.6500015258789,72.0,76.6500015258789,104233
2021-03-26,70.8499984741211,74.5999984741211,70.3499984741211,74.0999984741211,256977
2021-03-30,70.05000305175781,72.25,69.5999984741211,71.0,129928
2021-03-31,69.75,70.9000015258789,69.30000305175781,70.9000015258789,90718
2021-04-01,73.69999694824219,73.94999694824219,69.0,70.5,142192
2021-04-05,71.4000015258789,73.4000015258789,70.5,73.4000015258789,111390
2021-04-06,74.1500015258789,75.8499984741211,71.0,71.8499984741211,108605
2021-04-07,74.44999694824219,77.0,72.5,74.9000015258789,106248
2021-04-08,74.30000305175781,77.69999694824219,73.5,73.5,93067
2021-04-09,75.55000305175781,77.25,74.0999984741211,74.6500015258789,74150
2021-04-12,70.4000015258789,74.0,68.4000015258789,74.0,141798
2021-04-13,73.5,74.0,69.5999984741211,69.5999984741211,50607
2021-04-15,71.0999984741211,72.80000305175781,70.1500015258789,71.3499984741211,42246
2021-04-16,72.05000305175781,74.19999694824219,71.0,72.75,62490
2021-04-19,70.0,73.44999694824219,69.0,73.44999694824219,70059
2021-04-20,69.8499984741211,71.55000305175781,69.5999984741211,71.0,67237
2021-04-22,70.19999694824219,71.0,69.5,69.5,37359
2021-04-23,70.0999984741211,71.55000305175781,69.94999694824219,71.55000305175781,47733
2021-04-26,71.30000305175781,73.94999694824219,71.0,71.3499984741211,50060
2021-04-27,72.0999984741211,73.05000305175781,71.05000305175781,72.5999984741211,45031
2021-04-28,74.55000305175781,75.5,72.30000305175781,72.30000305175781,166458
2021-04-29,71.5,75.5999984741211,69.0999984741211,75.25,93416
2021-04-30,71.0999984741211,72.75,70.8499984741211,72.5999984741211,78275
2021-05-03,71.69999694824219,73.69999694824219,71.0,71.3499984741211,44939
2021-05-04,70.8499984741211,73.25,70.44999694824219,71.69999694824219,165137
2021-05-05,71.4000015258789,71.9000015258789,70.3499984741211,71.9000015258789,75730
2021-05-06,70.9000015258789,71.69999694824219,70.0999984741211,71.44999694824219,49654
2021-05-07,70.80000305175781,71.9000015258789,70.5999984741211,71.9000015258789,39199
2021-05-10,70.94999694824219,71.80000305175781,69.8499984741211,71.0,102469
2021-05-11,71.30000305175781,72.0999984741211,70.30000305175781,70.5,90907
2021-05-12,73.5999984741211,77.19999694824219,70.6500015258789,70.6500015258789,394173
2021-05-14,72.1500015258789,75.0,71.80000305175781,74.19999694824219,67033
2021-05-17,73.44999694824219,74.9000015258789,72.19999694824219,72.75,61967
2021-05-18,74.94999694824219,76.05000305175781,74.0999984741211,76.0,142786
2021-05-19,75.69999694824219,77.80000305175781,74.5,75.8499984741211,141185
2021-05-20,77.19999694824219,79.19999694824219,75.05000305175781,76.0,235167
2021-05-21,78.5999984741211,79.9000015258789,77.0,77.25,172585
2021-05-24,82.5,85.55000305175781,78.9000015258789,80.9000015258789,723102
2021-05-25,83.8499984741211,87.44999694824219,82.5999984741211,83.4000015258789,478166
2021-05-26,87.69999694824219,91.4000015258789,84.5,85.30000305175781,1319598
2021-05-27,85.44999694824219,88.80000305175781,83.19999694824219,86.0,708425
2021-05-28,83.6500015258789,87.44999694824219,83.44999694824219,85.69999694824219,294321
2021-05-31,88.75,90.4000015258789,82.5999984741211,84.4000015258789,1541581
2021-06-01,105.19999694824219,106.5,89.6500015258789,91.0,11285320
2021-06-02,98.6500015258789,103.94999694824219,97.9000015258789,103.6500015258789,2420648
2021-06-03,94.55000305175781,101.4000015258789,94.25,100.0,1098050
2021-06-04,92.6500015258789,99.0,91.4000015258789,94.05000305175781,779518
2021-06-07,92.55000305175781,94.94999694824219,91.8499984741211,94.05000305175781,518590
2021-06-08,92.94999694824219,98.19999694824219,92.80000305175781,96.0,1399846
2021-06-09,91.75,94.5,90.6500015258789,93.80000305175781,469099
2021-06-10,91.6500015258789,93.80000305175781,91.25,93.80000305175781,434893
2021-06-11,91.94999694824219,93.6500015258789,91.30000305175781,92.80000305175781,312350
2021-06-14,91.19999694824219,92.69999694824219,88.5,92.5999984741211,342790
2021-06-15,90.3499984741211,92.25,90.0,92.0,231348
2021-06-16,89.4000015258789,91.80000305175781,88.75,90.55000305175781,202888
2021-06-17,89.30000305175781,94.4000015258789,87.75,88.0,540146
2021-06-18,86.9000015258789,90.80000305175781,85.19999694824219,90.75,326327
2021-06-21,86.75,88.80000305175781,86.0,86.9000015258789,439260
2021-06-22,86.3499984741211,90.9000015258789,86.0,88.0,1442483
2021-06-23,97.0,99.0,86.69999694824219,87.25,10766584
2021-06-24,94.75,100.80000305175781,94.0999984741211,98.9000015258789,3190533
2021-06-25,93.5,98.0,92.30000305175781,95.0,2173235
2021-06-28,94.0,96.19999694824219,92.1500015258789,95.4000015258789,1311279
2021-06-29,94.5,97.44999694824219,93.25,93.5,1366768
2021-06-30,94.8499984741211,98.3499984741211,94.44999694824219,94.55000305175781,1388636
2021-07-01,94.1500015258789,95.9000015258789,94.0,95.9000015258789,338397
2021-07-02,93.6500015258789,95.69999694824219,93.0,94.8499984741211,401184
2021-07-05,94.5999984741211,96.69999694824219,93.69999694824219,94.44999694824219,561560
2021-07-06,95.19999694824219,98.75,94.0,95.30000305175781,1376980
2021-07-07,98.05000305175781,101.44999694824219,95.0999984741211,95.4000015258789,2663877
2021-07-08,94.9000015258789,99.5,94.0,98.0,755614
2021-07-09,94.8499984741211,96.5,94.1500015258789,95.0,314723
2021-07-12,96.3499984741211,98.6500015258789,95.5,95.94999694824219,634025
2021-07-13,97.94999694824219,98.80000305175781,96.0,97.0999984741211,818730
2021-07-14,101.30000305175781,103.6500015258789,97.0,99.0,2970271
2021-07-15,103.69999694824219,106.5,102.1500015258789,102.4000015258789,2789585
2021-07-16,106.30000305175781,109.4000015258789,102.5,103.69999694824219,2369308
2021-07-19,108.30000305175781,110.75,103.5999984741211,104.80000305175781,2131240
2021-07-20,102.5,109.30000305175781,101.0,107.69999694824219,999713
2021-07-22,105.75,108.30000305175781,102.69999694824219,105.0,1199037
2021-07-23,103.1500015258789,106.5999984741211,102.5,106.30000305175781,358656
2021-07-26,101.94999694824219,106.44999694824219,100.5,104.4000015258789,667877
2021-07-27,104.05000305175781,106.0,101.4000015258789,102.55000305175781,653670
2021-07-28,99.75,105.5,98.1500015258789,104.6500015258789,811707
2021-07-29,105.69999694824219,106.25,99.0,101.30000305175781,1148943
2021-07-30,105.80000305175781,108.25,104.55000305175781,106.4000015258789,796604
2021-08-02,111.0999984741211,114.4000015258789,105.80000305175781,107.55000305175781,3915997
2021-08-03,107.25,111.94999694824219,107.0,111.5,556576
2021-08-04,103.80000305175781,109.0,103.05000305175781,108.4000015258789,507526
2021-08-05,100.6500015258789,104.44999694824219,99.1500015258789,104.05000305175781,592669
2021-08-06,101.1500015258789,103.4000015258789,100.4000015258789,100.8499984741211,286032
2021-08-09,99.0,102.69999694824219,98.5,102.30000305175781,312374
2021-08-10,95.0999984741211,100.5,90.55000305175781,99.80000305175781,412245
2021-08-11,95.19999694824219,104.0,91.0,95.1500015258789,369872
2021-08-12,98.4000015258789,98.94999694824219,96.25,96.25,254076
2021-08-13,96.8499984741211,100.4000015258789,96.19999694824219,98.69999694824219,223205
2021-08-16,95.3499984741211,97.44999694824219,95.1500015258789,96.8499984741211,123352
2021-08-17,93.25,96.30000305175781,91.9000015258789,95.30000305175781,156333
2021-08-18,92.19999694824219,94.5,91.80000305175781,93.5,131838
2021-08-20,91.5,94.0,90.5999984741211,91.0,144357
2021-08-23,86.80000305175781,93.0999984741211,85.30000305175781,92.5,310866
2021-08-24,89.75,91.0,86.0999984741211,87.80000305175781,148275
2021-08-25,91.4000015258789,92.30000305175781,90.05000305175781,90.05000305175781,90894
2021-08-26,90.94999694824219,92.80000305175781,90.5,91.4000015258789,89964
2021-08-27,92.0999984741211,93.5999984741211,91.25,92.0,125222
2021-08-30,91.0,92.8499984741211,90.0,92.1500015258789,130140
2021-08-31,89.3499984741211,91.75,81.5999984741211,91.6500015258789,193190
2021-09-01,89.8499984741211,90.94999694824219,89.19999694824219,89.3499984741211,101234
2021-09-02,90.6500015258789,91.30000305175781,88.0,89.8499984741211,148786
2021-09-03,90.6500015258789,92.4000015258789,88.6500015258789,90.6500015258789,87514
2021-09-06,91.25,94.94999694824219,90.5999984741211,91.75,191509
2021-09-07,89.9000015258789,92.30000305175781,89.55000305175781,92.19999694824219,103207
2021-09-08,91.55000305175781,94.80000305175781,89.9000015258789,90.0,364868
2021-09-09,91.5,93.0,91.05000305175781,91.6500015258789,125015
2021-09-13,91.5999984741211,93.80000305175781,91.0,92.6500015258789,155931
2021-09-14,96.69999694824219,98.4000015258789,92.25,92.25,845511
2021-09-15,98.69999694824219,100.4000015258789,95.0,96.94999694824219,484704
2021-09-16,96.69999694824219,100.30000305175781,95.44999694824219,99.0999984741211,314581
2021-09-17,100.75,103.44999694824219,92.5,96.94999694824219,920192
2021-09-20,97.55000305175781,104.69999694824219,96.9000015258789,99.0,1214906
2021-09-21,103.55000305175781,108.0,95.80000305175781,98.30000305175781,1965817
2021-09-22,109.8499984741211,115.6500015258789,103.3499984741211,105.0999984741211,5237046
2021-09-23,107.19999694824219,111.55000305175781,106.5999984741211,110.69999694824219,1005912
2021-09-24,103.25,108.0999984741211,102.55000305175781,107.5999984741211,484145
2021-09-27,108.0999984741211,111.69999694824219,106.69999694824219,107.69999694824219,1736949
2021-09-28,105.55000305175781,109.05000305175781,103.69999694824219,109.0,475825
2021-09-29,108.80000305175781,112.9000015258789,103.5999984741211,104.0,1522598
2021-09-30,107.5,110.6500015258789,106.0,109.19999694824219,393039
2021-10-01,106.30000305175781,109.5,105.0999984741211,106.5,486960
2021-10-04,106.94999694824219,110.4000015258789,106.44999694824219,106.9000015258789,669916
2021-10-05,107.5,109.30000305175781,106.44999694824219,106.8499984741211,398680
2021-10-06,103.8499984741211,108.44999694824219,103.19999694824219,107.9000015258789,472996
2021-10-07,104.69999694824219,107.0,104.0999984741211,105.30000305175781,246378
2021-10-08,105.75,108.0,104.8499984741211,105.05000305175781,355351
2021-10-11,104.75,107.5,104.30000305175781,105.5,346849
2021-10-12,105.5999984741211,107.9000015258789,103.8499984741211,104.75,394112
2021-10-13,104.4000015258789,107.4000015258789,104.19999694824219,106.80000305175781,297266
2021-10-14,103.6500015258789,105.80000305175781,103.5,104.5999984741211,244484
2021-10-18,104.25,106.9000015258789,103.80000305175781,105.0,354558
2021-10-19,101.44999694824219,106.0,101.0,105.30000305175781,450544
2021-10-20,99.19999694824219,102.0,96.3499984741211,101.94999694824219,333335
2021-10-21,100.69999694824219,101.8499984741211,99.0,100.44999694824219,183234
2021-10-22,100.5999984741211,102.6500015258789,99.0999984741211,101.5,296705
2021-10-25,100.1500015258789,105.5999984741211,96.9000015258789,101.4000015258789,506811
2021-10-26,103.8499984741211,105.4000015258789,102.0,102.0,482162
2021-10-27,103.69999694824219,105.25,103.30000305175781,104.8499984741211,204147
2021-10-28,101.0999984741211,105.25,100.55000305175781,103.0,218692
2021-10-29,100.30000305175781,102.5,99.19999694824219,101.0999984741211,225388
2021-11-01,107.5999984741211,108.80000305175781,101.0999984741211,102.5,794686
2021-11-02,109.0999984741211,113.0,107.94999694824219,108.19999694824219,1349622
2021-11-03,115.05000305175781,116.55000305175781,108.6500015258789,109.80000305175781,2204457
2021-11-04,117.30000305175781,119.0,115.3499984741211,116.94999694824219,818418
2021-11-08,124.25,124.94999694824219,116.0999984741211,119.05000305175781,3066917
2021-11-09,118.8499984741211,125.4000015258789,118.25,124.9000015258789,1292163
2021-11-10,116.69999694824219,119.9000015258789,116.0999984741211,118.0,489333
2021-11-11,113.19999694824219,118.9000015258789,111.0,116.9000015258789,539000
2021-11-12,119.94999694824219,122.0,113.25,113.25,1278541
2021-11-15,116.80000305175781,121.69999694824219,116.44999694824219,119.80000305175781,437998
2021-11-16,113.69999694824219,118.69999694824219,111.55000305175781,116.55000305175781,299284
2021-11-17,113.69999694824219,117.44999694824219,113.0,113.4000015258789,265131
2021-11-18,110.6500015258789,115.69999694824219,108.94999694824219,114.44999694824219,315882
2021-11-22,104.5,111.80000305175781,101.30000305175781,111.5,452516
2021-11-23,107.19999694824219,108.5,103.0,103.0,227629
2021-11-24,106.75,109.44999694824219,105.9000015258789,108.0,170207
2021-11-25,107.94999694824219,109.05000305175781,106.4000015258789,107.0999984741211,206405
2021-11-26,101.4000015258789,106.9000015258789,100.69999694824219,106.9000015258789,496011
2021-11-29,94.8499984741211,100.4000015258789,93.5,100.0,491777
2021-11-30,95.6500015258789,99.5,95.0999984741211,96.4000015258789,368471
2021-12-01,96.3499984741211,98.9000015258789,95.5,98.0,144472
2021-12-02,96.9000015258789,97.5999984741211,96.05000305175781,96.3499984741211,114548
2021-12-03,98.0999984741211,100.80000305175781,96.94999694824219,97.0,224745
2021-12-06,94.9000015258789,98.1500015258789,94.44999694824219,98.0,117043
2021-12-07,96.3499984741211,97.5,95.80000305175781,96.30000305175781,153072
2021-12-08,98.75,101.9000015258789,97.80000305175781,97.8499984741211,387801
2021-12-09,100.30000305175781,101.25,98.6500015258789,99.69999694824219,272940
2021-12-10,101.6500015258789,103.5,100.44999694824219,100.94999694824219,280696
2021-12-13,100.69999694824219,103.69999694824219,100.0999984741211,103.4000015258789,189147
2021-12-14,101.0,102.75,99.19999694824219,100.0,196272
2021-12-15,99.3499984741211,101.94999694824219,98.80000305175781,101.0,134501
2021-12-16,97.44999694824219,100.69999694824219,97.0,100.0999984741211,154727
2021-12-17,93.30000305175781,98.05000305175781,92.25,97.6500015258789,266456
2021-12-20,89.8499984741211,93.19999694824219,88.19999694824219,93.19999694824219,215630
2021-12-21,92.0999984741211,94.94999694824219,91.4000015258789,92.0,154154
2021-12-22,95.3499984741211,95.94999694824219,93.44999694824219,93.5,237570
2021-12-23,94.80000305175781,96.69999694824219,94.5,96.4000015258789,89137
2021-12-24,92.75,96.0,92.0,96.0,101333
2021-12-27,92.4000015258789,94.0,91.30000305175781,91.30000305175781,119460
2021-12-28,92.75,95.25,91.8499984741211,93.0,136227
2021-12-29,92.80000305175781,94.9000015258789,92.3499984741211,93.55000305175781,103799
2021-12-30,92.05000305175781,93.69999694824219,91.4000015258789,93.69999694824219,100801
2021-12-31,93.05000305175781,94.0,91.69999694824219,92.0,115012
2022-01-03,92.6500015258789,94.0,91.9000015258789,93.05000305175781,307100
2022-01-04,92.55000305175781,93.9000015258789,92.0,93.9000015258789,124717
2022-01-05,92.0,93.30000305175781,91.6500015258789,92.80000305175781,201513
2022-01-06,92.0,92.5,90.4000015258789,91.5,177630
2022-01-07,93.75,96.25,90.80000305175781,90.80000305175781,348272
2022-01-10,93.94999694824219,94.94999694824219,93.44999694824219,94.0,199267
2022-01-11,103.69999694824219,110.5,96.1500015258789,97.0,4437667
2022-01-12,99.94999694824219,103.4000015258789,99.4000015258789,103.4000015258789,480300
2022-01-13,99.55000305175781,102.9000015258789,98.0999984741211,100.0,409764
2022-01-14,99.5999984741211,101.80000305175781,98.1500015258789,99.75,197836
2022-01-17,97.1500015258789,101.5999984741211,96.30000305175781,100.5,562343
2022-01-18,96.94999694824219,99.80000305175781,96.25,98.25,329819
2022-01-19,96.69999694824219,97.55000305175781,96.0,97.5,141185
2022-01-20,96.5999984741211,98.1500015258789,95.5,96.94999694824219,184278
2022-01-21,95.44999694824219,97.44999694824219,94.5999984741211,96.9000015258789,179885
2022-01-24,92.8499984741211,96.5,91.0,95.44999694824219,229058
2022-01-25,94.1500015258789,94.94999694824219,92.0,93.0,153374
2022-01-27,100.30000305175781,102.30000305175781,92.5,93.9000015258789,505790
2022-01-28,101.25,103.80000305175781,100.6500015258789,101.25,349130
2022-01-31,98.6500015258789,102.75,98.3499984741211,102.1500015258789,134849
2022-02-01,103.3499984741211,104.9000015258789,98.5999984741211,98.80000305175781,592458
2022-02-02,104.69999694824219,106.9000015258789,102.75,103.80000305175781,503020
2022-02-03,104.30000305175781,107.80000305175781,103.25,105.5,418202
2022-02-04,102.3499984741211,105.5,100.0,104.55000305175781,289243
2022-02-07,104.0999984741211,105.5,100.25,100.25,324826
2022-02-08,103.0999984741211,107.4000015258789,101.75,103.3499984741211,282685
2022-02-09,103.94999694824219,106.44999694824219,103.30000305175781,103.30000305175781,179541
2022-02-10,102.30000305175781,104.8499984741211,101.0,103.55000305175781,144659
2022-02-11,100.44999694824219,103.1500015258789,100.05000305175781,100.69999694824219,145744
2022-02-14,96.19999694824219,100.4000015258789,96.0,99.5999984741211,252870
2022-02-15,99.5,101.1500015258789,95.0999984741211,97.0,167153
2022-02-16,99.19999694824219,101.9000015258789,98.55000305175781,100.44999694824219,125290
2022-02-17,97.1500015258789,101.5999984741211,96.80000305175781,99.5999984741211,148412
2022-02-18,96.8499984741211,98.55000305175781,96.5,97.9000015258789,72655
2022-02-21,96.25,99.0,93.6500015258789,97.0,196524
2022-02-22,92.94999694824219,94.5,90.69999694824219,94.5,199982
2022-02-23,94.30000305175781,95.5,93.80000305175781,93.8499984741211,55110
2022-02-24,88.19999694824219,94.05000305175781,87.0999984741211,87.0999984741211,306782
2022-02-25,93.25,94.0,90.9000015258789,90.9000015258789,140140
2022-02-28,93.5999984741211,94.30000305175781,91.30000305175781,92.5999984741211,85894
2022-03-02,95.5,97.19999694824219,92.5,93.0,316484
2022-03-03,95.80000305175781,100.25,94.5999984741211,99.0,265640
2022-03-04,94.6500015258789,96.9000015258789,93.1500015258789,95.19999694824219,133666
2022-03-07,93.4000015258789,94.0,90.0,90.0,148478
2022-03-08,96.55000305175781,98.3499984741211,94.0,94.0,233446
2022-03-09,97.0999984741211,98.9000015258789,96.69999694824219,97.0,91758
2022-03-10,95.75,100.05000305175781,95.0,98.0,161029
2022-03-11,100.05000305175781,101.0,95.25,95.9000015258789,197018
2022-03-14,98.30000305175781,102.55000305175781,98.05000305175781,99.9000015258789,186339
2022-03-15,99.5,102.80000305175781,98.5,98.9000015258789,279920
2022-03-16,99.0999984741211,100.69999694824219,98.8499984741211,100.0999984741211,176842
2022-03-17,99.05000305175781,101.8499984741211,98.80000305175781,99.6500015258789,144879
2022-03-21,100.19999694824219,103.0,99.0999984741211,99.0999984741211,347379
2022-03-22,100.30000305175781,102.0,99.9000015258789,100.30000305175781,129002
2022-03-23,98.5999984741211,101.5999984741211,98.25,100.6500015258789,86990
2022-03-24,98.1500015258789,100.5,96.94999694824219,98.5999984741211,122763
2022-03-25,102.69999694824219,108.0,98.94999694824219,99.0,1575955
2022-03-28,103.25,108.0,102.80000305175781,105.5,1051157
2022-03-29,105.4000015258789,107.30000305175781,100.3499984741211,104.0,474657
2022-03-30,103.69999694824219,109.30000305175781,103.25,106.44999694824219,462908
2022-03-31,101.69999694824219,104.5,101.1500015258789,104.5,215881
2022-04-01,105.55000305175781,107.0999984741211,102.30000305175781,102.4000015258789,575850
2022-04-04,112.05000305175781,113.3499984741211,105.75,105.8499984741211,1539759
2022-04-05,112.5999984741211,117.19999694824219,110.5,112.75,952719
2022-04-06,111.55000305175781,115.5,111.0,111.0,419549
2022-04-07,109.0999984741211,113.4000015258789,108.1500015258789,112.0,342722
2022-04-08,110.1500015258789,112.25,109.0,109.8499984741211,321884
2022-04-11,110.5,114.69999694824219,108.94999694824219,108.94999694824219,432725
2022-04-12,116.25,118.80000305175781,107.55000305175781,109.6500015258789,1873581
2022-04-13,123.80000305175781,127.9000015258789,117.69999694824219,117.69999694824219,3869892
2022-04-18,134.1999969482422,138.6999969482422,125.1500015258789,125.1500015258789,3374714
2022-04-19,123.3499984741211,138.5,119.25,135.60000610351562,1282476
2022-04-20,124.55000305175781,132.9499969482422,120.5999984741211,125.25,1269296
2022-04-21,121.75,127.0,121.0,126.0,408012
2022-04-22,116.55000305175781,124.25,115.5,121.5999984741211,670254
2022-04-25,111.55000305175781,116.0,111.0999984741211,116.0,331948
2022-04-26,114.25,118.0,113.0999984741211,113.0999984741211,319244
2022-04-27,112.69999694824219,116.75,110.80000305175781,115.19999694824219,191418
2022-04-28,112.80000305175781,116.25,111.6500015258789,115.0,180152
2022-04-29,109.5,114.80000305175781,108.0,114.80000305175781,159295
2022-05-02,112.1500015258789,112.8499984741211,108.0999984741211,108.55000305175781,140744
2022-05-04,108.4000015258789,115.5999984741211,106.75,112.9000015258789,145388
2022-05-05,107.5999984741211,112.25,106.5,109.9000015258789,100511
2022-05-06,102.69999694824219,106.80000305175781,101.55000305175781,106.69999694824219,219613
2022-05-09,101.5999984741211,103.5,99.75,100.5999984741211,165885
2022-05-10,99.0999984741211,104.94999694824219,96.25,101.3499984741211,204557
2022-05-11,96.80000305175781,101.4000015258789,94.9000015258789,99.94999694824219,199938
2022-05-12,100.3499984741211,102.0,93.69999694824219,95.80000305175781,260646
2022-05-13,99.05000305175781,103.6500015258789,98.0999984741211,101.30000305175781,113004
2022-05-16,99.69999694824219,101.19999694824219,96.80000305175781,99.80000305175781,68334
2022-05-17,103.69999694824219,104.5,99.75,99.8499984741211,89739
2022-05-18,102.25,105.0,101.69999694824219,103.5,85145
2022-05-19,99.8499984741211,101.9000015258789,98.30000305175781,100.25,88909
2022-05-20,102.94999694824219,103.9000015258789,101.6500015258789,102.1500015258789,81978
2022-05-23,104.3499984741211,108.9000015258789,100.9000015258789,102.0,156941
2022-05-24,99.44999694824219,105.44999694824219,98.6500015258789,104.3499984741211,143500
2022-05-25,97.5999984741211,101.05000305175781,96.19999694824219,100.19999694824219,79867
2022-05-26,98.6500015258789,99.9000015258789,94.0,98.30000305175781,116802
2022-05-27,97.05000305175781,99.25,96.19999694824219,97.05000305175781,134075
2022-05-30,100.05000305175781,102.0999984741211,97.6500015258789,98.19999694824219,92740
2022-05-31,98.44999694824219,101.8499984741211,97.19999694824219,100.80000305175781,91634
2022-06-01,98.5,100.5,97.25,99.4000015258789,110367
2022-06-02,97.05000305175781,98.19999694824219,95.75,97.25,316059
2022-06-03,96.75,99.25,96.05000305175781,98.0,91803
2022-06-06,96.0999984741211,97.69999694824219,95.4000015258789,96.75,55354
2022-06-07,95.80000305175781,96.5,95.3499984741211,95.9000015258789,50440
2022-06-08,95.8499984741211,97.0,94.8499984741211,95.25,59821
2022-06-09,97.6500015258789,98.9000015258789,94.3499984741211,95.94999694824219,104318
2022-06-10,95.44999694824219,97.3499984741211,95.25,96.6500015258789,37894
2022-06-13,92.4000015258789,94.94999694824219,90.80000305175781,94.94999694824219,112836
2022-06-14,94.80000305175781,98.44999694824219,91.5,92.69999694824219,92706
2022-06-15,93.5,95.4000015258789,93.0999984741211,94.0999984741211,33378
2022-06-16,88.25,94.80000305175781,87.3499984741211,94.0,143814
2022-06-17,90.44999694824219,93.0,85.55000305175781,88.0,103860
2022-06-20,84.75,92.0999984741211,83.25,92.0999984741211,125487
2022-06-21,86.44999694824219,88.30000305175781,84.05000305175781,85.0,130620
2022-06-22,85.9000015258789,87.80000305175781,85.44999694824219,86.30000305175781,42175
2022-06-23,85.80000305175781,87.55000305175781,85.0999984741211,87.55000305175781,47627
2022-06-24,88.0,89.8499984741211,85.8499984741211,87.5,62466
2022-06-27,89.5,90.80000305175781,88.1500015258789,90.80000305175781,64498
2022-06-28,89.55000305175781,90.5,87.6500015258789,89.5,43458
2022-06-29,89.05000305175781,90.0,87.9000015258789,88.05000305175781,46554
2022-06-30,89.69999694824219,90.5,89.0,90.0,41239
2022-07-01,89.05000305175781,90.0,88.0999984741211,89.69999694824219,52855
2022-07-04,88.30000305175781,90.44999694824219,87.9000015258789,89.94999694824219,47808
2022-07-05,89.30000305175781,90.44999694824219,88.9000015258789,89.05000305175781,49316
2022-07-06,89.55000305175781,90.0,87.94999694824219,89.55000305175781,40451
2022-07-07,90.9000015258789,92.0,88.0,89.8499984741211,84032
2022-07-08,92.0,93.4000015258789,90.3499984741211,90.3499984741211,65341
2022-07-11,92.5,93.0,90.1500015258789,91.0,51020
2022-07-12,93.0,95.5,91.0,91.0,70814
2022-07-13,92.9000015258789,94.30000305175781,92.30000305175781,92.30000305175781,28376
2022-07-14,91.80000305175781,93.5,91.5999984741211,92.05000305175781,24176
2022-07-15,92.30000305175781,93.9000015258789,90.0999984741211,92.80000305175781,34688
2022-07-18,92.30000305175781,94.0,91.19999694824219,94.0,39094
2022-07-19,95.69999694824219,97.30000305175781,91.6500015258789,92.30000305175781,213346
2022-07-20,95.30000305175781,97.3499984741211,95.1500015258789,97.0,71958
2022-07-21,96.69999694824219,97.30000305175781,95.19999694824219,96.1500015258789,93318
2022-07-22,96.69999694824219,97.94999694824219,96.0999984741211,97.30000305175781,52562
2022-07-25,94.05000305175781,96.6500015258789,93.1500015258789,95.3499984741211,60426
2022-07-26,93.19999694824219,94.80000305175781,93.0,93.5,38859
2022-07-27,95.05000305175781,97.30000305175781,92.69999694824219,93.0,187435
2022-07-28,94.6500015258789,96.69999694824219,94.0999984741211,94.5,69720
2022-07-29,99.30000305175781,103.8499984741211,95.25,95.5999984741211,562910
2022-08-01,98.3499984741211,100.0999984741211,98.0,100.0999984741211,102803
2022-08-02,101.94999694824219,102.94999694824219,97.3499984741211,98.0,204013
2022-08-03,101.4000015258789,102.9000015258789,100.1500015258789,102.0,177939
2022-08-04,103.44999694824219,105.80000305175781,100.1500015258789,104.0,644701
2022-08-05,101.9000015258789,103.9000015258789,101.05000305175781,103.0,123247
2022-08-08,101.55000305175781,102.75,100.0999984741211,102.75,117139
2022-08-10,101.0,101.9000015258789,99.9000015258789,100.25,97010
2022-08-11,100.0999984741211,101.75,99.0,101.19999694824219,90298
2022-08-12,99.3499984741211,101.0,98.9000015258789,100.0999984741211,104287
2022-08-16,99.5999984741211,100.69999694824219,98.4000015258789,99.94999694824219,118813
2022-08-17,103.5,104.5,99.4000015258789,99.4000015258789,284429
2022-08-18,109.05000305175781,110.0,102.5,103.5,514322
2022-08-19,108.5999984741211,112.0999984741211,106.44999694824219,108.8499984741211,572789
2022-08-22,107.25,113.0,106.0,109.5,511507
2022-08-23,107.6500015258789,109.80000305175781,105.5,107.0999984741211,189686
2022-08-24,108.80000305175781,111.5999984741211,108.0,108.0,158851
2022-08-25,108.6500015258789,111.30000305175781,108.0,109.80000305175781,195556
2022-08-26,113.0,115.5999984741211,109.0,109.4000015258789,484409
2022-08-29,110.3499984741211,111.5,107.9000015258789,111.30000305175781,225098
2022-08-30,112.19999694824219,113.69999694824219,109.69999694824219,110.0999984741211,149947
2022-09-01,117.75,122.0,111.0999984741211,111.3499984741211,587887
2022-09-02,118.3499984741211,123.9000015258789,117.19999694824219,118.5,338753
2022-09-05,114.69999694824219,119.19999694824219,114.0,119.0,277831
2022-09-06,111.1500015258789,115.69999694824219,110.55000305175781,114.9000015258789,203322
2022-09-07,113.94999694824219,116.5,109.55000305175781,110.0999984741211,314151
2022-09-08,113.0999984741211,115.6500015258789,112.4000015258789,114.5999984741211,119688
2022-09-09,111.55000305175781,115.0,111.0,113.5999984741211,119405
2022-09-12,115.94999694824219,116.94999694824219,113.05000305175781,114.0,226206
2022-09-13,125.1500015258789,129.14999389648438,114.25,116.4000015258789,1875853
2022-09-14,123.0,128.25,121.69999694824219,122.4000015258789,815086
2022-09-15,124.05000305175781,127.5,121.4000015258789,123.9000015258789,420234
2022-09-16,119.5,130.60000610351562,118.1500015258789,124.44999694824219,552734
2022-09-19,123.94999694824219,126.75,117.5,120.8499984741211,516777
2022-09-20,130.6999969482422,133.10000610351562,124.30000305175781,124.30000305175781,1396915
2022-09-21,123.69999694824219,130.75,122.0999984741211,130.14999389648438,582348
2022-09-22,127.94999694824219,130.10000610351562,122.5,122.69999694824219,728646
2022-09-23,124.5,130.89999389648438,124.0,128.5,307440
2022-09-26,118.4000015258789,123.9000015258789,114.25,123.0999984741211,525123
2022-09-27,117.3499984741211,121.0,116.0999984741211,119.0,217539
2022-09-28,115.80000305175781,119.75,115.19999694824219,116.0,126802
2022-09-29,115.80000305175781,120.0,115.05000305175781,117.55000305175781,119064
2022-09-30,121.30000305175781,123.6500015258789,115.0999984741211,115.0999984741211,234502
2022-10-03,116.69999694824219,121.9000015258789,116.1500015258789,121.9000015258789,135434
2022-10-04,118.05000305175781,119.94999694824219,117.1500015258789,118.0999984741211,111114
2022-10-06,118.1500015258789,120.75,117.80000305175781,118.0999984741211,143451
2022-10-07,119.75,121.1500015258789,117.1500015258789,118.19999694824219,201346
2022-10-10,117.8499984741211,119.0,116.44999694824219,118.4000015258789,65623
2022-10-11,113.94999694824219,118.80000305175781,113.3499984741211,117.9000015258789,170251
2022-10-12,114.30000305175781,117.25,113.25,114.4000015258789,130298
2022-10-13,111.75,114.75,110.0999984741211,113.9000015258789,115814
2022-10-14,111.0,116.4000015258789,110.5999984741211,112.9000015258789,225080
2022-10-17,115.55000305175781,121.8499984741211,108.55000305175781,110.0999984741211,442880
2022-10-18,116.9000015258789,119.9000015258789,114.94999694824219,115.5999984741211,193577
2022-10-19,116.05000305175781,118.9000015258789,115.30000305175781,117.4000015258789,126289
2022-10-20,113.25,116.25,112.5,115.0999984741211,96789
2022-10-21,111.0999984741211,115.19999694824219,110.75,113.9000015258789,79793
2022-10-24,112.30000305175781,113.44999694824219,111.30000305175781,111.30000305175781,39797
2022-10-25,111.0,114.0,110.25,112.55000305175781,69008
2022-10-27,110.8499984741211,112.0,109.75,111.5,56244
2022-10-28,109.5,111.19999694824219,109.0,110.8499984741211,80042
2022-10-31,112.4000015258789,114.3499984741211,108.5999984741211,109.0999984741211,142917
2022-11-01,112.80000305175781,114.94999694824219,111.8499984741211,112.4000015258789,65075
2022-11-02,113.80000305175781,116.80000305175781,112.25,112.25,210246
2022-11-03,110.1500015258789,112.3499984741211,109.80000305175781,112.0,201943
2022-11-04,109.5,110.9000015258789,109.0999984741211,110.4000015258789,96896
2022-11-07,105.75,110.69999694824219,105.05000305175781,109.5,237374
2022-11-09,99.25,105.94999694824219,98.0999984741211,105.9000015258789,425693
2022-11-10,99.55000305175781,101.4000015258789,99.0,99.19999694824219,115748
2022-11-11,99.9000015258789,101.94999694824219,99.0,101.0,102371
2022-11-14,101.05000305175781,101.69999694824219,99.30000305175781,99.9000015258789,73363
2022-11-15,100.19999694824219,101.69999694824219,99.9000015258789,101.0999984741211,53569
2022-11-16,99.1500015258789,100.94999694824219,99.0,99.9000015258789,82872
2022-11-17,100.0999984741211,101.5999984741211,98.9000015258789,99.0999984741211,91614
2022-11-18,99.94999694824219,100.8499984741211,99.80000305175781,100.8499984741211,45156
2022-11-21,100.6500015258789,101.8499984741211,100.0,100.8499984741211,104677
2022-11-22,99.80000305175781,105.19999694824219,95.9000015258789,101.0,220116
2022-11-23,99.69999694824219,102.0,99.55000305175781,101.69999694824219,56785
2022-11-24,99.75,100.80000305175781,99.44999694824219,99.75,49465
2022-11-25,100.0999984741211,102.9000015258789,99.9000015258789,99.9000015258789,103722
2022-11-28,99.94999694824219,102.5,99.5,101.4000015258789,151514
2022-11-29,99.5999984741211,100.69999694824219,99.4000015258789,99.9000015258789,114891
2022-11-30,99.6500015258789,101.5,99.5,99.5,104291
2022-12-01,99.9000015258789,101.0999984741211,99.19999694824219,100.05000305175781,94823
2022-12-02,103.75,105.19999694824219,99.3499984741211,99.3499984741211,376270
2022-12-05,105.6500015258789,106.5999984741211,104.55000305175781,105.05000305175781,181543
2022-12-06,103.55000305175781,106.19999694824219,103.0,105.5,81855
2022-12-07,102.3499984741211,104.30000305175781,101.6500015258789,103.4000015258789,55150
2022-12-08,101.19999694824219,103.3499984741211,101.0,102.3499984741211,52574
2022-12-09,100.4000015258789,102.9000015258789,99.69999694824219,101.25,83046
2022-12-12,99.94999694824219,101.4000015258789,99.6500015258789,100.80000305175781,55714
2022-12-13,99.94999694824219,101.4000015258789,99.69999694824219,100.4000015258789,95872
2022-12-14,98.75,101.0,98.4000015258789,100.5,121930
2022-12-15,98.6500015258789,101.0,97.69999694824219,99.69999694824219,137720
2022-12-16,98.19999694824219,99.8499984741211,97.69999694824219,98.9000015258789,74913
2022-12-19,97.4000015258789,100.0999984741211,96.3499984741211,98.9000015258789,159724
2022-12-20,98.05000305175781,98.44999694824219,97.05000305175781,98.3499984741211,56882
2022-12-21,94.6500015258789,99.1500015258789,94.30000305175781,98.5,129727
2022-12-22,90.0,95.4000015258789,89.0,94.5,162079
2022-12-23,86.94999694824219,90.80000305175781,86.5,90.3499984741211,105224
2022-12-26,92.25,93.44999694824219,86.55000305175781,87.0,101801
2022-12-27,93.5,94.25,92.0,92.9000015258789,68945
2022-12-28,92.9000015258789,95.3499984741211,92.5999984741211,92.5999984741211,119867
2022-12-29,92.9000015258789,93.3499984741211,92.30000305175781,92.9000015258789,25603
2022-12-30,92.8499984741211,94.4000015258789,92.3499984741211,93.55000305175781,49087
2023-01-02,93.5999984741211,93.80000305175781,92.5,93.80000305175781,52122
2023-01-03,93.94999694824219,95.4000015258789,92.5999984741211,92.5999984741211,55379
2023-01-04,93.0,95.30000305175781,92.44999694824219,95.30000305175781,28378
2023-01-05,92.69999694824219,93.3499984741211,91.9000015258789,92.1500015258789,37771
2023-01-06,92.19999694824219,93.55000305175781,91.3499984741211,92.0,48484
2023-01-09,91.44999694824219,93.44999694824219,90.9000015258789,92.19999694824219,68767
2023-01-10,90.8499984741211,91.94999694824219,90.3499984741211,91.44999694824219,33296
2023-01-11,91.19999694824219,92.19999694824219,90.55000305175781,91.69999694824219,35473
2023-01-12,90.9000015258789,92.55000305175781,90.4000015258789,90.4000015258789,35313
2023-01-13,90.4000015258789,91.80000305175781,90.0,91.80000305175781,30060
2023-01-16,87.69999694824219,91.5999984741211,86.9000015258789,90.44999694824219,189302
2023-01-17,89.19999694824219,91.9000015258789,87.9000015258789,87.9000015258789,128508
2023-01-18,89.6500015258789,91.0,88.5999984741211,90.8499984741211,56598
2023-01-19,89.0999984741211,89.9000015258789,88.3499984741211,89.4000015258789,61562
2023-01-20,88.0,89.5999984741211,86.19999694824219,89.1500015258789,87486
2023-01-23,87.3499984741211,89.80000305175781,86.75,89.80000305175781,69894
2023-01-24,86.75,89.4000015258789,86.5,88.0,76603
2023-01-25,86.55000305175781,88.05000305175781,85.5,87.44999694824219,72540
2023-01-27,84.55000305175781,88.05000305175781,83.75,86.0999984741211,94323
2023-01-30,85.6500015258789,86.5,84.44999694824219,84.75,50929
2023-01-31,86.6500015258789,87.4000015258789,86.0,87.4000015258789,32240
2023-02-01,84.75,88.4000015258789,84.30000305175781,88.1500015258789,64463
2023-02-02,85.05000305175781,86.8499984741211,84.0999984741211,86.8499984741211,46798
2023-02-03,84.05000305175781,86.19999694824219,82.5,86.19999694824219,75084
2023-02-06,80.75,85.9000015258789,80.5,84.05000305175781,207237
2023-02-07,83.5999984741211,84.69999694824219,82.75,82.80000305175781,146844
2023-02-08,86.75,88.94999694824219,83.6500015258789,84.0,187215
2023-02-09,85.30000305175781,87.8499984741211,85.05000305175781,87.8499984741211,51961
2023-02-10,83.9000015258789,86.19999694824219,82.5,86.19999694824219,180921
2023-02-13,82.30000305175781,84.94999694824219,82.0999984741211,83.8499984741211,38360
2023-02-14,81.3499984741211,83.5,81.0999984741211,82.5999984741211,62825
2023-02-15,80.8499984741211,81.80000305175781,80.5,81.25,60535
2023-02-16,81.05000305175781,81.94999694824219,80.75,80.8499984741211,50761
2023-02-17,81.19999694824219,81.80000305175781,80.80000305175781,81.1500015258789,46572
2023-02-20,80.0,81.55000305175781,79.55000305175781,81.19999694824219,55610
2023-02-21,80.0999984741211,80.55000305175781,79.5999984741211,80.0,32301
2023-02-22,78.44999694824219,80.0999984741211,78.05000305175781,80.0999984741211,43510
2023-02-23,78.1500015258789,79.5999984741211,78.0,79.5999984741211,29150
2023-02-24,77.0999984741211,78.80000305175781,76.80000305175781,78.80000305175781,40858
2023-02-27,75.5999984741211,77.8499984741211,75.0,77.8499984741211,58358
2023-02-28,75.0999984741211,76.69999694824219,74.25,75.5999984741211,90268
2023-03-01,76.9000015258789,78.80000305175781,75.1500015258789,75.9000015258789,124258
2023-03-02,77.19999694824219,78.30000305175781,76.80000305175781,78.25,38426
2023-03-03,78.6500015258789,81.0,77.19999694824219,77.19999694824219,196812
2023-03-06,77.25,80.80000305175781,76.69999694824219,79.9000015258789,149550
2023-03-08,76.80000305175781,77.5999984741211,75.80000305175781,77.5,100586
2023-03-09,76.69999694824219,77.9000015258789,76.55000305175781,76.69999694824219,84492
2023-03-10,76.5999984741211,77.4000015258789,75.69999694824219,76.30000305175781,51808
2023-03-13,74.19999694824219,76.94999694824219,73.30000305175781,76.94999694824219,100391
2023-03-14,72.44999694824219,74.05000305175781,71.5,74.05000305175781,95766
2023-03-15,73.05000305175781,74.6500015258789,71.55000305175781,73.19999694824219,107124
2023-03-16,71.6500015258789,73.25,71.0,73.05000305175781,120472
2023-03-17,71.94999694824219,72.8499984741211,71.55000305175781,71.6500015258789,68215
2023-03-20,70.19999694824219,73.3499984741211,69.6500015258789,73.1500015258789,105655
2023-03-21,70.44999694824219,71.6500015258789,69.8499984741211,71.6500015258789,76601
2023-03-22,71.1500015258789,71.94999694824219,69.8499984741211,69.8499984741211,172621
2023-03-23,71.19999694824219,72.55000305175781,70.69999694824219,71.9000015258789,74285
2023-03-24,68.69999694824219,71.0999984741211,68.25,71.0999984741211,107282
2023-03-27,60.04999923706055,68.94999694824219,58.04999923706055,68.69999694824219,750678
2023-03-28,58.25,62.0,57.20000076293945,60.75,280016
2023-03-29,58.5,61.75,58.0,58.849998474121094,280957
2023-03-31,62.45000076293945,63.150001525878906,58.099998474121094,58.099998474121094,261925
2023-04-03,65.55000305175781,66.9000015258789,62.45000076293945,62.45000076293945,180908
2023-04-05,65.69999694824219,66.19999694824219,64.80000305175781,65.5999984741211,69989
2023-04-06,68.0999984741211,68.5,65.80000305175781,66.69999694824219,78848
2023-04-10,68.8499984741211,70.19999694824219,67.3499984741211,68.9000015258789,104661
2023-04-11,67.5,69.44999694824219,67.30000305175781,69.44999694824219,51919
2023-04-12,69.69999694824219,71.44999694824219,68.05000305175781,68.05000305175781,116688
2023-04-13,69.30000305175781,70.5999984741211,68.69999694824219,70.0,73945
2023-04-17,68.4000015258789,70.0,68.05000305175781,70.0,36894
2023-04-18,69.9000015258789,70.5,68.94999694824219,69.3499984741211,36841
2023-04-19,69.3499984741211,70.4000015258789,69.19999694824219,69.30000305175781,42569
2023-04-20,68.75,70.05000305175781,68.5,69.25,38126
2023-04-21,68.69999694824219,69.5,67.25,69.19999694824219,79591
2023-04-24,68.0999984741211,69.5,67.9000015258789,69.44999694824219,49875
2023-04-25,67.30000305175781,69.0999984741211,67.0,68.0,64332
2023-04-26,67.0999984741211,67.8499984741211,66.75,67.5,33645
2023-04-27,70.0999984741211,71.0,67.05000305175781,67.5999984741211,109612
2023-04-28,72.44999694824219,73.9000015258789,70.30000305175781,71.0999984741211,179958
2023-05-02,72.4000015258789,73.8499984741211,72.0999984741211,72.5999984741211,53316
2023-05-03,70.8499984741211,72.8499984741211,70.0,70.9000015258789,71664
2023-05-04,70.5,72.5,70.1500015258789,71.6500015258789,89120
2023-05-05,69.94999694824219,71.8499984741211,69.6500015258789,71.80000305175781,67908
2023-05-08,70.19999694824219,70.94999694824219,69.6500015258789,69.6500015258789,56259
2023-05-09,71.55000305175781,73.0999984741211,69.3499984741211,69.3499984741211,141799
2023-05-10,70.55000305175781,72.5,70.0,72.4000015258789,62921
2023-05-11,70.19999694824219,71.5,70.05000305175781,70.1500015258789,67834
2023-05-12,70.19999694824219,70.94999694824219,69.8499984741211,70.6500015258789,50720
2023-05-15,72.75,73.9000015258789,70.0999984741211,71.4000015258789,112035
2023-05-16,72.30000305175781,73.55000305175781,72.0,72.3499984741211,78297
2023-05-17,71.0,72.80000305175781,70.5,72.80000305175781,40215
2023-05-18,70.5999984741211,72.5,70.5,71.0,31013
2023-05-19,70.05000305175781,71.8499984741211,69.0,71.8499984741211,28930
2023-05-22,71.05000305175781,71.69999694824219,69.55000305175781,71.3499984741211,60029
2023-05-23,71.05000305175781,71.94999694824219,69.69999694824219,70.25,60443
2023-05-24,71.4000015258789,73.25,70.94999694824219,71.0,85724
2023-05-25,72.25,72.80000305175781,71.1500015258789,71.5,51582
2023-05-26,71.5999984741211,74.8499984741211,71.3499984741211,74.4000015258789,170363
2023-05-29,72.0,72.55000305175781,71.0,71.6500015258789,31398
2023-05-30,74.44999694824219,76.75,72.0,72.0999984741211,166105
2023-05-31,75.05000305175781,76.44999694824219,73.0,74.0999984741211,154403
2023-06-01,75.5999984741211,77.0,74.69999694824219,75.0,121730
2023-06-02,76.19999694824219,78.5,75.55000305175781,76.0,122413
2023-06-05,78.9000015258789,79.80000305175781,76.19999694824219,76.19999694824219,243148
2023-06-06,81.6500015258789,82.55000305175781,78.0999984741211,78.8499984741211,230123
2023-06-07,81.0999984741211,83.0,81.0,81.0999984741211,136729
2023-06-08,79.75,82.0999984741211,79.0999984741211,80.5999984741211,110824
2023-06-09,78.5999984741211,80.8499984741211,78.0,80.3499984741211,64424
2023-06-12,78.44999694824219,79.9000015258789,78.30000305175781,78.3499984741211,41085
2023-06-13,78.8499984741211,80.0999984741211,78.30000305175781,79.5,43493
2023-06-14,79.8499984741211,81.05000305175781,78.4000015258789,78.4000015258789,109575
2023-06-15,78.3499984741211,81.0,78.0999984741211,80.8499984741211,130472
2023-06-16,81.05000305175781,83.75,80.5,82.8499984741211,417386
2023-06-19,78.9000015258789,81.6500015258789,78.5999984741211,81.6500015258789,95876
2023-06-20,79.19999694824219,80.5,78.25,78.9000015258789,70267
2023-06-21,78.8499984741211,80.5,78.6500015258789,79.1500015258789,60888
2023-06-22,77.19999694824219,79.5999984741211,76.30000305175781,79.25,116745
2023-06-23,77.0,77.6500015258789,74.9000015258789,77.6500015258789,154974
2023-06-26,74.94999694824219,77.9000015258789,74.55000305175781,77.4000015258789,151943
2023-06-27,74.3499984741211,76.25,74.05000305175781,75.1500015258789,58087
2023-06-28,74.80000305175781,75.80000305175781,74.4000015258789,74.80000305175781,35040
2023-06-30,78.4000015258789,79.0,74.9000015258789,74.94999694824219,414847
2023-07-03,80.1500015258789,82.5999984741211,78.4000015258789,78.4000015258789,571935
2023-07-04,80.0999984741211,83.0999984741211,80.0,80.44999694824219,401936
2023-07-05,80.05000305175781,80.55000305175781,79.5,79.5,89638
2023-07-06,85.0,86.44999694824219,78.69999694824219,80.4000015258789,658739
2023-07-07,84.5999984741211,88.0,83.69999694824219,86.0999984741211,560518
2023-07-10,80.5,85.0,80.0,84.80000305175781,275258
2023-07-11,81.9000015258789,83.19999694824219,80.5,80.5,126505
2023-07-12,79.0,83.9000015258789,78.44999694824219,82.5,453874
2023-07-13,82.1500015258789,84.5,79.0999984741211,79.0999984741211,578438
2023-07-14,82.30000305175781,83.5,81.9000015258789,82.30000305175781,135070
2023-07-17,83.69999694824219,86.25,82.30000305175781,82.30000305175781,373421
2023-07-18,83.0,85.25,82.5,83.69999694824219,292289
2023-07-19,83.8499984741211,84.69999694824219,82.80000305175781,83.8499984741211,138642
2023-07-20,82.5,84.6500015258789,82.19999694824219,84.6500015258789,82789
2023-07-21,85.55000305175781,86.3499984741211,82.30000305175781,82.30000305175781,359485
2023-07-24,85.44999694824219,86.75,84.80000305175781,85.55000305175781,184306
2023-07-25,85.5,86.0999984741211,84.4000015258789,85.9000015258789,68078
2023-07-26,84.75,86.9000015258789,84.4000015258789,85.19999694824219,169979
2023-07-27,84.75,86.0,84.5,84.6500015258789,86780
2023-07-28,85.4000015258789,85.69999694824219,84.44999694824219,84.80000305175781,83413
2023-07-31,86.44999694824219,88.6500015258789,84.69999694824219,85.5,639282
2023-08-01,90.30000305175781,94.80000305175781,89.1500015258789,89.8499984741211,2300577
2023-08-02,92.8499984741211,96.30000305175781,88.75,91.19999694824219,1415574
2023-08-03,101.1500015258789,102.0,92.3499984741211,93.0,2784508
2023-08-04,98.5999984741211,102.1500015258789,97.69999694824219,101.94999694824219,766955
2023-08-07,95.3499984741211,100.0,94.75,98.0,380246
2023-08-08,94.19999694824219,95.94999694824219,92.3499984741211,95.55000305175781,560614
2023-08-09,97.9000015258789,101.5,93.69999694824219,94.8499984741211,886371
2023-08-10,97.30000305175781,102.5999984741211,96.75,97.5,454817
2023-08-11,96.8499984741211,99.4000015258789,96.1500015258789,97.3499984741211,191388
2023-08-14,102.8499984741211,103.9000015258789,95.19999694824219,97.0,881128
2023-08-16,108.0,109.4000015258789,101.94999694824219,102.8499984741211,2112181
2023-08-17,111.8499984741211,112.9000015258789,108.55000305175781,108.94999694824219,1011381
2023-08-18,110.19999694824219,114.9000015258789,107.69999694824219,112.5,896800
2023-08-21,108.44999694824219,111.80000305175781,107.5,111.80000305175781,309384
2023-08-22,104.69999694824219,108.0,103.80000305175781,108.0,225292
2023-08-23,109.9000015258789,109.9000015258789,102.30000305175781,102.30000305175781,305287
2023-08-24,107.44999694824219,113.0,107.19999694824219,112.0,253920
2023-08-25,107.0999984741211,108.8499984741211,104.30000305175781,107.5,87466
2023-08-28,107.5,109.4000015258789,104.5,108.80000305175781,83923
2023-08-29,109.4000015258789,112.3499984741211,108.3499984741211,108.4000015258789,235262
2023-08-30,110.05000305175781,114.80000305175781,109.25,110.80000305175781,153195
2023-08-31,109.94999694824219,112.9000015258789,109.0,110.0999984741211,174625
2023-09-01,112.0999984741211,114.5,108.4000015258789,111.75,226644
2023-09-04,112.30000305175781,115.0,112.0,114.30000305175781,123572
2023-09-05,109.30000305175781,114.5,108.0,112.30000305175781,169531
2023-09-06,109.55000305175781,112.4000015258789,108.19999694824219,110.4000015258789,120394
2023-09-07,111.30000305175781,113.5,108.25,110.9000015258789,159725
2023-09-08,110.1500015258789,114.44999694824219,109.5,114.44999694824219,89934
2023-09-11,108.9000015258789,113.0999984741211,107.5,112.5999984741211,148771
2023-09-12,103.44999694824219,109.5,103.44999694824219,109.5,141080
2023-09-13,103.0,104.3499984741211,98.5999984741211,104.3499984741211,128652
2023-09-14,103.5,105.44999694824219,102.30000305175781,104.9000015258789,48314
2023-09-15,103.69999694824219,105.0,102.25,102.25,61663
2023-09-18,105.94999694824219,108.0999984741211,103.05000305175781,106.19999694824219,139546
2023-09-20,110.3499984741211,110.9000015258789,104.0,107.75,269431
2023-09-21,109.9000015258789,112.5,109.0,110.0,157772
2023-09-22,110.80000305175781,111.5,108.0,108.0,106459
2023-09-25,109.3499984741211,112.05000305175781,108.0,109.0999984741211,126524
2023-09-26,107.5,110.0,107.0,110.0,61652
2023-09-27,107.0,109.5999984741211,106.0999984741211,108.5999984741211,61917
2023-09-28,106.4000015258789,108.80000305175781,105.0,107.0,65450
2023-09-29,109.94999694824219,111.69999694824219,106.05000305175781,107.9000015258789,102671
2023-10-03,110.44999694824219,113.94999694824219,108.5999984741211,109.94999694824219,71859
2023-10-04,107.80000305175781,111.5,107.0,111.5,65151
2023-10-05,111.55000305175781,112.19999694824219,107.80000305175781,107.80000305175781,134117
2023-10-06,117.0999984741211,117.0999984741211,110.4000015258789,112.5,408321
2023-10-09,122.94999694824219,122.94999694824219,115.0999984741211,115.55000305175781,531188
2023-10-10,119.3499984741211,125.80000305175781,118.25,125.0,209135
2023-10-11,119.1500015258789,124.0,117.55000305175781,121.6500015258789,167272
2023-10-12,119.19999694824219,122.0,117.4000015258789,121.75,140961
2023-10-13,125.1500015258789,125.1500015258789,117.5,120.44999694824219,112949
2023-10-16,125.44999694824219,129.85000610351562,123.6500015258789,125.5,304962
2023-10-17,127.69999694824219,129.0500030517578,124.5999984741211,125.44999694824219,177619
2023-10-18,123.8499984741211,128.64999389648438,121.3499984741211,128.64999389648438,102696
2023-10-19,121.69999694824219,123.5,120.0,123.5,54428
2023-10-20,122.1500015258789,126.0,121.0,122.9000015258789,93159
2023-10-23,116.05000305175781,123.94999694824219,116.05000305175781,123.69999694824219,75906
2023-10-25,110.30000305175781,115.94999694824219,110.25,115.94999694824219,107925
2023-10-26,107.4000015258789,111.0,104.80000305175781,108.05000305175781,120834
2023-10-27,111.8499984741211,112.75,109.0,109.6500015258789,55500
2023-10-30,113.1500015258789,115.19999694824219,111.8499984741211,113.44999694824219,43065
2023-10-31,112.0,115.0,111.0,114.75,39630
2023-11-01,109.94999694824219,113.5999984741211,108.0,113.5999984741211,43244
2023-11-02,115.4000015258789,115.4000015258789,109.0999984741211,110.75,85270
2023-11-03,110.6500015258789,120.5999984741211,109.6500015258789,120.5999984741211,437874
2023-11-06,107.5999984741211,113.5,107.0,111.80000305175781,289710
2023-11-07,109.9000015258789,110.0999984741211,107.5,107.5999984741211,107276
2023-11-08,108.30000305175781,110.75,107.5,110.75,51166
2023-11-09,105.3499984741211,108.8499984741211,103.5999984741211,108.30000305175781,84129
2023-11-10,104.9000015258789,107.6500015258789,104.0,105.94999694824219,119648
2023-11-13,105.6500015258789,107.80000305175781,104.05000305175781,105.6500015258789,136093
2023-11-15,103.75,106.94999694824219,102.8499984741211,106.94999694824219,138646
2023-11-16,106.19999694824219,107.0,103.0,103.30000305175781,144494
2023-11-17,106.05000305175781,107.25,105.0,107.25,54435
2023-11-20,107.0999984741211,107.5999984741211,106.05000305175781,106.05000305175781,68633
2023-11-21,107.0999984741211,108.0,105.5,106.80000305175781,109049
2023-11-22,106.9000015258789,108.9000015258789,106.0999984741211,106.55000305175781,75586
2023-11-23,108.30000305175781,109.0,105.25,106.55000305175781,94024
2023-11-24,109.80000305175781,111.69999694824219,108.0999984741211,108.55000305175781,145048
2023-11-28,113.0,115.0,109.25,114.75,548222
2023-11-29,111.75,117.0,111.25,113.69999694824219,294836
2023-11-30,108.55000305175781,113.30000305175781,108.0,113.0,235700
2023-12-01,109.3499984741211,112.0,107.8499984741211,108.55000305175781,352230
2023-12-04,108.80000305175781,112.5,108.19999694824219,111.0,231219
2023-12-05,109.0,112.0,108.1500015258789,109.5,289443
2023-12-06,108.75,110.5999984741211,106.9000015258789,109.5999984741211,207257
2023-12-07,107.3499984741211,109.5,106.55000305175781,109.25,168908
2023-12-08,106.9000015258789,109.5,106.0,107.94999694824219,118084
2023-12-11,115.05000305175781,118.5,107.0999984741211,107.80000305175781,1494774
2023-12-12,114.8499984741211,122.5,113.5,116.0,1099831
2023-12-13,119.80000305175781,122.30000305175781,114.69999694824219,115.5999984741211,940209
2023-12-14,116.3499984741211,123.0,115.19999694824219,121.0,535821
2023-12-15,113.3499984741211,117.30000305175781,112.80000305175781,117.19999694824219,220225
2023-12-18,114.4000015258789,117.0,112.5,113.3499984741211,169907
2023-12-19,113.75,115.4000015258789,112.69999694824219,114.80000305175781,125491
2023-12-20,107.3499984741211,115.94999694824219,107.0,114.19999694824219,267935
2023-12-21,109.44999694824219,110.44999694824219,105.8499984741211,106.0999984741211,174689
2023-12-22,109.8499984741211,113.25,109.44999694824219,110.6500015258789,180886
2023-12-26,110.0999984741211,116.0999984741211,109.05000305175781,109.05000305175781,264401
2023-12-27,111.80000305175781,113.1500015258789,110.55000305175781,110.55000305175781,191571
2023-12-28,111.69999694824219,114.94999694824219,110.75,112.0,173683
2023-12-29,112.0,113.0,110.5999984741211,112.0,170894
2024-01-01,113.6500015258789,115.4000015258789,112.0,112.0,222899
2024-01-02,116.8499984741211,118.0,111.1500015258789,112.5,610136
2024-01-03,118.94999694824219,123.0,114.5999984741211,117.0,510506
2024-01-04,124.75,128.89999389648438,119.0,120.1500015258789,1712531
2024-01-05,121.4000015258789,126.5,120.0,126.5,535172
2024-01-08,128.1999969482422,130.39999389648438,120.1500015258789,121.80000305175781,1436049
2024-01-09,127.94999694824219,133.0,126.94999694824219,131.0,1110117
2024-01-10,143.39999389648438,148.14999389648438,128.5,128.9499969482422,7355153
2024-01-11,139.6999969482422,145.6999969482422,137.8000030517578,144.3000030517578,1500560
2024-01-12,137.75,144.9499969482422,136.39999389648438,140.4499969482422,743768
2024-01-15,133.0,141.8000030517578,131.85000610351562,138.89999389648438,775576
2024-01-16,130.3000030517578,136.4499969482422,126.5999984741211,135.39999389648438,581025
2024-01-17,137.3000030517578,143.8000030517578,127.69999694824219,129.4499969482422,1748670
2024-01-18,135.0,139.8000030517578,129.8000030517578,136.8000030517578,622717
2024-01-19,135.9499969482422,139.25,134.25,136.39999389648438,364774
2024-01-23,130.14999389648438,140.39999389648438,128.35000610351562,140.35000610351562,592693
2024-01-24,137.6999969482422,140.5,132.4499969482422,132.4499969482422,1033625
2024-01-25,153.10000610351562,154.89999389648438,137.25,139.0500030517578,4153808
2024-01-29,160.9499969482422,169.5,155.89999389648438,161.5,5337632
2024-01-30,157.64999389648438,164.25,156.25,162.10000610351562,1123463
2024-01-31,162.25,166.75,157.5500030517578,158.39999389648438,912630
2024-02-01,158.25,163.5,155.3000030517578,163.5,726213
2024-02-02,163.85000610351562,173.85000610351562,163.0,166.4499969482422,2248779
2024-02-05,156.0500030517578,166.0,154.10000610351562,164.6999969482422,767686
2024-02-06,157.64999389648438,159.5,151.9499969482422,155.0,759508
2024-02-07,157.9499969482422,162.0,155.60000610351562,158.4499969482422,421518
2024-02-08,151.39999389648438,160.89999389648438,150.0,159.9499969482422,532354
2024-02-09,146.35000610351562,152.0,143.0,152.0,660322
2024-02-12,139.14999389648438,149.6999969482422,138.0500030517578,147.5,630462
2024-02-13,140.9499969482422,142.8000030517578,135.89999389648438,137.35000610351562,390689
2024-02-14,143.64999389648438,147.1999969482422,137.3000030517578,139.39999389648438,405274
2024-02-15,152.0,153.39999389648438,144.5500030517578,144.8000030517578,549216
2024-02-16,153.6999969482422,156.39999389648438,150.0500030517578,153.1999969482422,378146
2024-02-19,150.89999389648438,154.89999389648438,150.25,154.4499969482422,222193
2024-02-20,159.9499969482422,162.1999969482422,150.89999389648438,151.6999969482422,1179544
2024-02-21,154.60000610351562,163.89999389648438,152.5,160.75,411364
2024-02-22,154.10000610351562,156.60000610351562,151.0500030517578,155.0,258472
2024-02-23,154.10000610351562,159.0,152.75,153.0,330777
2024-02-26,150.8000030517578,155.89999389648438,150.1999969482422,155.75,176783
2024-02-27,146.85000610351562,152.39999389648438,146.1999969482422,151.0,190141
2024-02-28,141.89999389648438,149.89999389648438,141.0500030517578,147.0,273223
2024-02-29,145.0500030517578,147.0,139.60000610351562,141.0,304752
2024-03-01,143.25,145.6999969482422,142.60000610351562,145.0,168651
2024-03-04,142.89999389648438,144.75,141.10000610351562,144.4499969482422,160915
2024-03-05,142.0,144.4499969482422,141.0,143.64999389648438,115370
2024-03-06,136.8000030517578,144.5,133.75,142.0,602699
2024-03-07,135.89999389648438,139.89999389648438,134.9499969482422,136.8000030517578,185421
2024-03-11,131.14999389648438,138.35000610351562,130.39999389648438,137.3000030517578,287571
2024-03-12,129.10000610351562,132.14999389648438,125.4000015258789,131.0,459245
2024-03-13,118.3499984741211,131.89999389648438,117.0,128.1999969482422,509317
2024-03-14,126.44999694824219,132.89999389648438,114.3499984741211,116.55000305175781,475465
2024-03-15,123.94999694824219,127.80000305175781,121.5,127.0999984741211,344351
2024-03-18,127.1500015258789,129.35000610351562,123.30000305175781,124.5999984741211,157924
2024-03-19,121.19999694824219,129.0500030517578,119.5999984741211,127.4000015258789,297650
2024-03-20,123.75,127.55000305175781,118.5,121.0,331078
2024-03-21,127.44999694824219,127.94999694824219,123.94999694824219,123.94999694824219,196712
2024-03-22,130.75,133.39999389648438,127.0,128.0,295103
2024-03-26,130.1999969482422,135.6999969482422,128.8000030517578,132.0,271848
2024-03-27,134.3000030517578,137.9499969482422,130.5,130.5,394408
2024-03-28,134.4499969482422,136.8000030517578,133.75,135.14999389648438,167788
2024-04-01,140.4499969482422,142.35000610351562,134.60000610351562,134.60000610351562,404041
2024-04-02,145.25,145.75,140.39999389648438,140.8000030517578,244731
2024-04-03,149.4499969482422,152.25,145.3000030517578,146.0,642127
2024-04-04,146.39999389648438,151.60000610351562,145.35000610351562,150.85000610351562,263499
2024-04-05,145.9499969482422,147.8000030517578,144.0,146.0,135701
2024-04-08,143.35000610351562,150.25,142.89999389648438,149.0,164974
2024-04-09,141.75,145.0,141.0,144.10000610351562,112553
2024-04-10,143.64999389648438,144.39999389648438,140.3000030517578,142.5,121497
2024-04-12,139.75,144.14999389648438,139.3000030517578,142.89999389648438,134892
2024-04-15,135.6999969482422,137.9499969482422,131.5500030517578,134.10000610351562,258456
2024-04-16,139.0500030517578,141.1999969482422,135.85000610351562,136.35000610351562,146717
2024-04-18,134.8000030517578,141.60000610351562,133.60000610351562,139.75,233502
2024-04-19,143.5500030517578,147.9499969482422,131.10000610351562,132.25,961217
2024-04-22,141.5500030517578,147.3000030517578,140.85000610351562,143.35000610351562,160804
2024-04-23,142.85000610351562,144.75,140.5500030517578,140.5500030517578,157983
2024-04-24,142.8000030517578,145.0,141.75,144.25,132455
2024-04-25,146.4499969482422,154.4499969482422,142.8000030517578,143.5500030517578,849312
2024-04-26,143.10000610351562,147.89999389648438,141.5,147.89999389648438,267248
2024-04-29,143.6999969482422,146.85000610351562,141.60000610351562,143.1999969482422,214711
2024-04-30,140.5,147.39999389648438,139.5500030517578,144.75,269427
2024-05-02,140.8000030517578,143.1999969482422,140.0,141.5,110844
2024-05-03,139.10000610351562,142.0,138.0,141.6999969482422,126312
2024-05-06,133.6999969482422,140.75,132.5500030517578,140.10000610351562,225163
2024-05-07,132.60000610351562,136.64999389648438,131.0500030517578,134.64999389648438,155464
2024-05-08,132.6999969482422,134.75,131.10000610351562,133.5,140722
2024-05-09,126.80000305175781,133.60000610351562,125.19999694824219,133.60000610351562,219543
2024-05-10,131.75,132.6999969482422,124.05000305175781,127.69999694824219,227715
2024-05-13,127.9000015258789,131.9499969482422,126.0999984741211,130.85000610351562,125248
2024-05-14,130.25,131.1999969482422,128.5500030517578,128.8000030517578,99815
2024-05-15,130.6999969482422,132.4499969482422,129.5,130.89999389648438,78839
2024-05-16,129.39999389648438,131.75,128.85000610351562,130.39999389648438,80668
2024-05-17,132.39999389648438,135.0,129.39999389648438,129.39999389648438,124601
2024-05-21,130.6999969482422,133.35000610351562,129.5500030517578,131.85000610351562,190696
2024-05-22,130.25,133.64999389648438,129.25,131.60000610351562,127666
2024-05-23,129.60000610351562,131.5500030517578,128.1999969482422,130.60000610351562,161793
2024-05-24,122.8499984741211,136.85000610351562,121.6500015258789,133.64999389648438,1213941
2024-05-27,119.8499984741211,124.9000015258789,118.9000015258789,123.69999694824219,264107
2024-05-28,119.0,122.80000305175781,118.0,119.4000015258789,164477
2024-05-29,117.9000015258789,120.75,114.5999984741211,118.30000305175781,257852
2024-05-30,115.44999694824219,119.5999984741211,114.0,117.94999694824219,125475
2024-05-31,118.3499984741211,119.6500015258789,113.75,116.25,181310
2024-06-03,119.19999694824219,123.80000305175781,117.05000305175781,120.69999694824219,301650
2024-06-04,120.19999694824219,122.80000305175781,106.0,118.5,365500
2024-06-05,120.44999694824219,125.94999694824219,115.0,120.5999984741211,189712
2024-06-06,122.3499984741211,124.5,120.5,120.94999694824219,177381
2024-06-07,123.9000015258789,126.5,121.3499984741211,123.0,191590
2024-06-10,123.52999877929688,126.19000244140625,122.75,123.80000305175781,132541
2024-06-11,126.26000213623047,129.5,124.01000213623047,124.01000213623047,234927
2024-06-12,124.77999877929688,128.6999969482422,123.08000183105469,126.26000213623047,183304
2024-06-13,124.16000366210938,126.47000122070312,123.44999694824219,125.6500015258789,126951
2024-06-14,125.16000366210938,127.5999984741211,123.55000305175781,124.05000305175781,152995
2024-06-18,126.43000030517578,128.89999389648438,122.0999984741211,124.5,362585
2024-06-19,123.88999938964844,126.75,123.0,126.11000061035156,161381
2024-06-20,122.80000305175781,126.94999694824219,122.0,123.9000015258789,261769
2024-06-21,127.87000274658203,130.0,123.0,123.19999694824219,632190
2024-06-24,127.87000274658203,131.5,124.0,126.94999694824219,352921
2024-06-25,135.4199981689453,138.5,127.1500015258789,128.4499969482422,1464666
2024-06-26,137.07000732421875,141.4499969482422,136.0,136.60000610351562,1153280
2024-06-27,132.7899932861328,137.07000732421875,131.89999389648438,137.07000732421875,308558
2024-06-28,133.9199981689453,135.4499969482422,132.82000732421875,133.1999969482422,189965
2024-07-01,135.77000427246094,140.3000030517578,132.07000732421875,134.86000061035156,412903
2024-07-02,134.3000030517578,136.99000549316406,133.0,136.2899932861328,158319
2024-07-03,135.3699951171875,137.0,133.24000549316406,134.3000030517578,197676
2024-07-04,133.92999267578125,136.69000244140625,133.10000610351562,136.25,190087
2024-07-05,134.97000122070312,136.64999389648438,133.22999572753906,134.0,141466
2024-07-08,135.61000061035156,138.89999389648438,133.7100067138672,134.75,277036
2024-07-09,135.27999877929688,137.5,135.0,136.57000732421875,141265
2024-07-10,135.5399932861328,141.39999389648438,133.0,136.22999572753906,580374
2024-07-11,133.8800048828125,138.0,133.60000610351562,137.69000244140625,185582
2024-07-12,133.75,138.5,133.50999450683594,133.8800048828125,180440
2024-07-15,133.3300018310547,135.7899932861328,131.64999389648438,134.9499969482422,213513
2024-07-16,131.92999267578125,134.27999877929688,131.1999969482422,133.3300018310547,107922
2024-07-18,129.77000427246094,132.9499969482422,127.8499984741211,132.9499969482422,201123
2024-07-19,125.43000030517578,130.60000610351562,124.9000015258789,129.9499969482422,187278
2024-07-22,123.05000305175781,126.36000061035156,122.55000305175781,125.01000213623047,157802
2024-07-23,123.2699966430664,125.0,117.0,123.05000305175781,191380
2024-07-24,130.30999755859375,130.9199981689453,123.70999908447266,124.0,224317
2024-07-25,128.52999877929688,130.5,127.5,129.6199951171875,83866
2024-07-26,131.8300018310547,133.8000030517578,128.0,128.0,240675
2024-07-29,141.8300018310547,145.25,131.0,132.25,1983858
2024-07-30,145.47999572753906,151.0,142.44000244140625,142.4499969482422,1963369
2024-07-31,148.5399932861328,151.3000030517578,145.77999877929688,146.0,916578
2024-08-01,142.44000244140625,149.9499969482422,141.3000030517578,149.27999877929688,481470
2024-08-02,133.89999389648438,139.6999969482422,133.4499969482422,135.0,805467
2024-08-05,126.3499984741211,132.17999267578125,124.87999725341797,130.5,408584
2024-08-06,123.2300033569336,130.0,122.0999984741211,126.0,317934
2024-08-07,127.43000030517578,128.9499969482422,123.12000274658203,124.9000015258789,182090
2024-08-08,125.37000274658203,128.47999572753906,125.0,127.5,188099
2024-08-09,127.93000030517578,128.89999389648438,126.4800033569336,128.0,126284
2024-08-12,123.80000305175781,127.93000030517578,122.72000122070312,127.93000030517578,304013
2024-08-13,121.93000030517578,125.98999786376953,120.95999908447266,125.4000015258789,119253
2024-08-14,122.54000091552734,124.5199966430664,120.19999694824219,123.75,131219
2024-08-16,125.45999908447266,126.25,122.0,123.05000305175781,107138
2024-08-19,125.54000091552734,127.5999984741211,123.80999755859375,125.45999908447266,132089
2024-08-20,131.57000732421875,134.0399932861328,126.20999908447266,127.4000015258789,372009
2024-08-21,132.91000366210938,133.89999389648438,130.4199981689453,133.0,175001
2024-08-22,133.60000610351562,135.75,132.0,133.88999938964844,131694
2024-08-23,132.9199981689453,134.5,132.25,133.0,145043
2024-08-26,132.39999389648438,136.8000030517578,131.60000610351562,133.39999389648438,262482
2024-08-27,130.32000732421875,134.89999389648438,127.4000015258789,132.89999389648438,171658
2024-08-28,129.77000427246094,132.9600067138672,129.17999267578125,130.6999969482422,149069
2024-08-29,131.6699981689453,135.89999389648438,129.77000427246094,129.77000427246094,382785
2024-08-30,130.67999267578125,132.6300048828125,130.0500030517578,131.99000549316406,117943
2024-09-02,126.95999908447266,131.47000122070312,126.01000213623047,129.5500030517578,109257
2024-09-03,126.94000244140625,131.94000244140625,125.5999984741211,127.4000015258789,294320
2024-09-04,127.62999725341797,129.3300018310547,126.0,126.0,130311
2024-09-05,133.9600067138672,136.16000366210938,126.61000061035156,128.25,543548
2024-09-06,129.82000732421875,135.42999267578125,129.0,133.9499969482422,213932
2024-09-09,127.30000305175781,130.75,126.80999755859375,130.0,198809
2024-09-10,131.63999938964844,134.6999969482422,127.80000305175781,128.5,217735
2024-09-11,135.75,140.64999389648438,132.0,132.25,796134
2024-09-12,139.24000549316406,144.0,135.0,136.5,763239
2024-09-13,139.75,144.9499969482422,138.02000427246094,139.88999938964844,579450
2024-09-16,136.85000610351562,140.6999969482422,136.41000366210938,139.75,180941
2024-09-17,134.08999633789062,137.4499969482422,134.0,136.89999389648438,172519
2024-09-18,132.7899932861328,136.35000610351562,131.83999633789062,134.38999938964844,140917
2024-09-19,130.41000366210938,135.35000610351562,128.5,133.0,178650
2024-09-20,131.75999450683594,134.99000549316406,130.27000427246094,131.11000061035156,130185
2024-09-23,132.25,132.89999389648438,130.14999389648438,132.49000549316406,72227
2024-09-24,131.33999633789062,133.5,130.0500030517578,133.5,103612
2024-09-25,141.35000610351562,144.38999938964844,129.3300018310547,132.64999389648438,1546653
2024-09-26,137.8800048828125,146.0,136.7100067138672,140.8000030517578,1373006
2024-09-27,134.8000030517578,140.19000244140625,134.16000366210938,138.9499969482422,274081
2024-09-30,135.66000366210938,140.5,132.13999938964844,135.10000610351562,694669
2024-10-01,139.3699951171875,143.60000610351562,136.39999389648438,137.6999969482422,861335
2024-10-03,132.47000122070312,139.0,131.99000549316406,139.0,267609
2024-10-04,132.52999877929688,136.35000610351562,131.1999969482422,132.39999389648438,231812
2024-10-07,127.66999816894531,133.63999938964844,123.55000305175781,132.4499969482422,243102
2024-10-08,127.27999877929688,129.25,124.0,127.98999786376953,242361
2024-10-09,127.88999938964844,131.0,127.19999694824219,129.5,114259
2024-10-10,129.6199951171875,130.52000427246094,127.61000061035156,128.39999389648438,97225
2024-10-11,129.25,130.60000610351562,128.1999969482422,129.5,71243
2024-10-14,128.3699951171875,130.0,127.41000366210938,130.0,72326
2024-10-15,129.05999755859375,129.58999633789062,126.22000122070312,128.8000030517578,72787
2024-10-16,128.52999877929688,131.3000030517578,127.41000366210938,129.4600067138672,83288
2024-10-17,124.62000274658203,129.0399932861328,124.0,129.0,97748
2024-10-18,123.48999786376953,124.68000030517578,121.9800033569336,124.0,86995
2024-10-21,117.23999786376953,126.58999633789062,115.9800033569336,123.05000305175781,343194
2024-10-22,108.70999908447266,120.23999786376953,107.11000061035156,118.05000305175781,487094
2024-10-23,109.6500015258789,112.61000061035156,107.36000061035156,109.5,188133
2024-10-24,106.47000122070312,111.48999786376953,105.0,110.0,122687
2024-10-25,103.20999908447266,107.83999633789062,101.5,107.05000305175781,174036
2024-10-28,104.55999755859375,106.0,101.51000213623047,103.97000122070312,136015
2024-10-29,106.41000366210938,108.0199966430664,102.5,106.0,113572
2024-10-30,107.91999816894531,111.66000366210938,104.11000061035156,105.0,213657
2024-10-31,111.05000305175781,112.5,108.3499984741211,109.5,115192
2024-11-01,114.38999938964844,115.0,111.0999984741211,111.69999694824219,49600
2024-11-04,110.25,114.94999694824219,109.45999908447266,114.08000183105469,94126
2024-11-05,111.18000030517578,111.97000122070312,109.55999755859375,110.25,78252
2024-11-06,111.58000183105469,113.0,110.2699966430664,110.2699966430664,100391
2024-11-07,110.66999816894531,112.87999725341797,110.4000015258789,111.4000015258789,65230
2024-11-08,106.83999633789062,110.94999694824219,105.3499984741211,110.55000305175781,77146
2024-11-11,104.43000030517578,107.66000366210938,103.37999725341797,106.0,97516
2024-11-12,103.33000183105469,106.5999984741211,102.44000244140625,105.44999694824219,92992
2024-11-13,101.02999877929688,104.58999633789062,100.4000015258789,103.0,71952
2024-11-14,100.2699966430664,102.44999694824219,100.0,101.0,77349
2024-11-18,99.33000183105469,101.25,97.19999694824219,101.25,90172
2024-11-19,99.62999725341797,103.08999633789062,98.19999694824219,99.6500015258789,81105
2024-11-21,98.16999816894531,100.0,97.25,100.0,66742
2024-11-22,99.22000122070312,100.5,98.44999694824219,98.44999694824219,57433
2024-11-25,99.93000030517578,102.77999877929688,99.0999984741211,100.0999984741211,109609
2024-11-26,102.5,103.0,100.11000061035156,101.19999694824219,78305
2024-11-27,106.1500015258789,106.75,102.75,104.29000091552734,83080
2024-11-28,105.45999908447266,108.0,105.19999694824219,105.55000305175781,76904
2024-11-29,106.08999633789062,107.80000305175781,105.01000213623047,105.98999786376953,66332
2024-12-02,110.94999694824219,112.9000015258789,105.7699966430664,106.4000015258789,111728
2024-12-03,116.98999786376953,118.0,111.0,113.9000015258789,269720
2024-12-04,117.29000091552734,119.38999938964844,114.55000305175781,117.9000015258789,159306
2024-12-05,115.55999755859375,118.63999938964844,114.5199966430664,116.0999984741211,107504
2024-12-06,115.33000183105469,118.80000305175781,115.05000305175781,115.55999755859375,81838
2024-12-09,115.80999755859375,117.5,113.8499984741211,116.75,105458
2024-12-10,116.0999984741211,117.0,113.0,116.5,99153
2024-12-11,116.5999984741211,118.8499984741211,115.27999877929688,116.6500015258789,127614
2024-12-12,114.1500015258789,116.62999725341797,113.5,115.62000274658203,73972
2024-12-13,111.77999877929688,115.8499984741211,110.58000183105469,115.75,89381
2024-12-16,112.38999938964844,114.79000091552734,110.69999694824219,110.69999694824219,80509
2024-12-17,110.1500015258789,114.88999938964844,109.30999755859375,112.55000305175781,80453
2024-12-18,106.31999969482422,110.4000015258789,105.1500015258789,110.4000015258789,127012
2024-12-19,105.63999938964844,107.0,103.0,106.0,90749
2024-12-20,104.87999725341797,108.5,104.0,105.55000305175781,62433
2024-12-23,106.91999816894531,108.0,101.5999984741211,105.5,160895
2024-12-24,104.58999633789062,107.5999984741211,104.16000366210938,107.19999694824219,62449
2024-12-26,103.72000122070312,105.4000015258789,103.05000305175781,105.4000015258789,48655
2024-12-27,104.05000305175781,105.88999938964844,103.37999725341797,104.5,38028
2024-12-30,101.30999755859375,104.95999908447266,101.0,104.05000305175781,71843
2024-12-31,101.97000122070312,102.38999938964844,100.5,101.31999969482422,41453
2025-01-01,103.7300033569336,104.0,101.9800033569336,101.98999786376953,28217
2025-01-02,103.83999633789062,104.69999694824219,103.3499984741211,104.69999694824219,29068
2025-01-03,105.30000305175781,106.68000030517578,104.37999725341797,104.80000305175781,38154
2025-01-06,100.86000061035156,105.5199966430664,99.0,105.5,86499
2025-01-07,102.23999786376953,104.18000030517578,100.30000305175781,102.55000305175781,71838
2025-01-08,100.56999969482422,102.11000061035156,99.55000305175781,102.0,42460
2025-01-09,99.2699966430664,102.69999694824219,99.0,102.69999694824219,32124
2025-01-10,97.44000244140625,100.01000213623047,95.51000213623047,99.80000305175781,87946
2025-01-13,88.88999938964844,99.0,87.0999984741211,99.0,171407
2025-01-14,91.45999908447266,92.70999908447266,89.20999908447266,90.0,114664
2025-01-15,90.62000274658203,94.22000122070312,90.25,91.0,80874
2025-01-16,93.2300033569336,94.41000366210938,91.48999786376953,92.0,63813
2025-01-17,95.08000183105469,95.7699966430664,92.54000091552734,93.2300033569336,82695
2025-01-20,94.04000091552734,96.45999908447266,92.5,95.1500015258789,90059
2025-01-21,92.0199966430664,95.31999969482422,91.51000213623047,95.0,25699
2025-01-22,87.08000183105469,93.20999908447266,84.5999984741211,93.20999908447266,206705
2025-01-23,86.80999755859375,88.54000091552734,86.5,87.08999633789062,49589
2025-01-24,84.87999725341797,87.41999816894531,84.38999938964844,87.12999725341797,82978
2025-01-27,80.3499984741211,84.2300033569336,79.41000366210938,83.5999984741211,97213
2025-01-28,77.29000091552734,82.56999969482422,75.91999816894531,80.76000213623047,142840
2025-01-29,80.41000366210938,81.80000305175781,78.0,78.30000305175781,74986
2025-01-30,96.48999786376953,96.48999786376953,80.5,81.55000305175781,790493
2025-01-31,92.9000015258789,99.9000015258789,92.0199966430664,98.8499984741211,649347
2025-02-01,90.33000183105469,94.56999969482422,89.25,90.01000213623047,188502
2025-02-03,88.62999725341797,91.63999938964844,88.19999694824219,88.3499984741211,77486
2025-02-04,88.41999816894531,89.0,86.8499984741211,87.20999908447266,153373
2025-02-05,90.22000122070312,92.69000244140625,88.2300033569336,89.12000274658203,137997
2025-02-06,89.26000213623047,92.45999908447266,88.5,90.88999938964844,82127
2025-02-07,87.62000274658203,89.88999938964844,86.70999908447266,88.26000213623047,87893
2025-02-10,85.41999816894531,88.8499984741211,85.0,88.8499984741211,45046
2025-02-11,82.0999984741211,85.73999786376953,79.80000305175781,85.5,84696
2025-02-12,81.73999786376953,83.08999633789062,78.5,82.94999694824219,103365
2025-02-13,81.61000061035156,84.44000244140625,80.5999984741211,80.5999984741211,47866
2025-02-14,79.05999755859375,82.69999694824219,78.0999984741211,81.05000305175781,173252
2025-02-17,77.66999816894531,80.0,76.22000122070312,80.0,107982
2025-02-18,75.55000305175781,78.75,74.16000366210938,77.9000015258789,77571
2025-02-19,78.05999755859375,79.4000015258789,75.05000305175781,75.05000305175781,75843
2025-02-20,81.2699966430664,82.0,77.81999969482422,79.0,79978
2025-02-21,80.27999877929688,82.58999633789062,79.55999755859375,81.0,67402
2025-02-24,78.22000122070312,81.01000213623047,77.51000213623047,80.0999984741211,54216
2025-02-25,78.19000244140625,79.44999694824219,77.4000015258789,78.80000305175781,59157
2025-02-27,75.93000030517578,78.58000183105469,75.0999984741211,77.4000015258789,87787
2025-02-28,73.38999938964844,75.98999786376953,72.0,75.98999786376953,79382
2025-03-03,73.41000366210938,74.73999786376953,68.12000274658203,74.41999816894531,129147
2025-03-04,72.0,74.6500015258789,71.36000061035156,72.3499984741211,92892
2025-03-05,73.26000213623047,75.25,70.6500015258789,72.83999633789062,198265
2025-03-06,74.66000366210938,75.88999938964844,73.11000061035156,73.45999908447266,136254
2025-03-07,74.87999725341797,76.80000305175781,74.01000213623047,75.69999694824219,89661
2025-03-10,71.04000091552734,75.55000305175781,70.70999908447266,75.0,80274
2025-03-11,69.25,70.80999755859375,68.0999984741211,70.5999984741211,93246
2025-03-12,68.91000366210938,70.25,68.41000366210938,69.0,59606
2025-03-13,66.29000091552734,70.1500015258789,65.91999816894531,68.91000366210938,151377
2025-03-17,65.05999755859375,66.94999694824219,64.69000244140625,66.0,113472
2025-03-18,65.05999755859375,65.05999755859375,65.05999755859375,65.05999755859375,0
2025-03-19,70.5199966430664,71.69999694824219,68.41999816894531,68.6500015258789,354677
2025-03-20,71.2300033569336,73.16000366210938,70.61000061035156,71.5,113800
2025-03-21,75.29000091552734,76.5,71.48999786376953,71.98999786376953,215223
2025-03-24,74.83999633789062,78.51000213623047,74.19999694824219,75.5,193559
2025-03-25,71.44999694824219,75.48999786376953,70.6500015258789,75.19999694824219,164600
2025-03-26,68.7699966430664,72.58999633789062,68.44000244140625,70.80000305175781,163827
2025-03-27,67.3499984741211,69.18000030517578,67.01000213623047,68.80000305175781,309413
2025-03-28,66.23999786376953,70.9800033569336,65.75,67.01000213623047,315838
2025-04-01,70.72000122070312,71.98999786376953,66.0,66.23999786376953,178127
2025-04-02,70.62000274658203,71.27999877929688,67.77999877929688,70.0,69815
2025-04-03,71.97000122070312,72.69000244140625,70.20999908447266,71.0,84410
2025-04-04,65.7300033569336,72.93000030517578,65.1500015258789,72.93000030517578,452181
2025-04-07,63.61000061035156,64.19999694824219,60.119998931884766,60.7599983215332,183700
2025-04-08,65.41999816894531,66.44000244140625,63.400001525878906,64.30000305175781,84120
2025-04-09,61.099998474121094,66.4000015258789,60.150001525878906,66.0,406391
2025-04-11,62.349998474121094,63.88999938964844,61.61000061035156,62.869998931884766,117515
2025-04-15,67.44000244140625,68.5999984741211,62.560001373291016,62.9900016784668,181365
2025-04-16,67.9000015258789,68.98999786376953,67.0,67.69000244140625,90779
2025-04-17,69.76000213623047,70.5,67.20999908447266,68.4000015258789,115623
2025-04-21,70.83000183105469,71.5,68.2699966430664,69.76000213623047,102400
2025-04-22,70.66000366210938,71.87000274658203,69.80999755859375,71.5,120776
2025-04-23,73.58999633789062,74.94999694824219,68.23999786376953,71.69999694824219,269920
2025-04-24,73.62999725341797,75.0,72.36000061035156,73.58999633789062,104467
2025-04-25,69.06999969482422,73.79000091552734,68.55000305175781,72.79000091552734,150473
2025-04-28,69.58000183105469,70.94000244140625,68.20999908447266,68.5,66742
2025-04-29,69.77999877929688,71.22000122070312,68.91000366210938,70.5,53915
2025-04-30,67.12000274658203,70.0999984741211,66.70999908447266,70.0999984741211,46375
2025-05-02,66.9800033569336,67.94999694824219,66.0,66.0,18179
2025-05-05,66.3499984741211,68.27999877929688,65.5,67.44999694824219,111387
2025-05-06,64.37999725341797,67.26000213623047,64.0,66.80000305175781,55906
2025-05-07,65.54000091552734,66.69999694824219,63.0099983215332,63.400001525878906,67361
2025-05-08,64.1500015258789,67.0,63.72999954223633,66.44999694824219,49782
2025-05-09,63.4900016784668,63.900001525878906,59.95000076293945,60.0,54280
2025-05-12,67.0,67.80000305175781,65.0,65.0,60178
2025-05-13,68.30000305175781,68.79000091552734,66.80999755859375,67.9000015258789,51583
2025-05-14,69.12999725341797,69.80000305175781,67.91000366210938,69.0,74605
2025-05-15,70.48999786376953,71.16000366210938,68.62000274658203,68.62000274658203,82797
2025-05-16,73.20999908447266,73.80000305175781,70.26000213623047,70.5,156880
2025-05-19,73.55000305175781,76.19000244140625,72.0,73.56999969482422,179528
2025-05-20,73.86000061035156,77.29000091552734,72.01000213623047,73.9000015258789,175070
2025-05-21,73.83000183105469,74.69999694824219,72.80000305175781,73.0,100680
2025-05-22,73.77999877929688,75.5,72.66000366210938,72.98999786376953,143529
2025-05-23,67.94999694824219,70.05000305175781,67.05999755859375,70.05000305175781,391561
2025-05-26,68.4800033569336,69.5,67.91999816894531,68.5,117837
2025-05-27,68.23999786376953,69.25,67.61000061035156,69.25,37559
2025-05-28,68.75,69.2699966430664,68.05000305175781,68.05000305175781,74539
2025-05-29,69.0199966430664,69.5,68.69999694824219,69.5,56764
2025-05-30,68.69000244140625,69.5,67.86000061035156,69.37000274658203,88661
2025-06-02,69.69000244140625,70.69999694824219,67.76000213623047,68.69000244140625,82779
2025-06-03,68.61000061035156,70.37999725341797,68.25,69.9000015258789,54124
2025-06-04,68.70999908447266,69.38999938964844,68.0,68.0,36986
2025-06-05,68.88999938964844,70.29000091552734,68.48999786376953,69.69999694824219,135010
2025-06-06,69.93000030517578,70.44000244140625,69.0,69.9000015258789,48751
